0 1 0.5
0 2 0.51
0 3 0.62
0 4 0.24
0 5 0.03
0 6 0.38
0 7 0.71
0 8 0.58
1 0 0.12
1 3 0.82
1 4 0.97
1 6 0.24
1 7 0.46
1 8 0.06
1 9 0.28
1 12 0.87
1 42 0.27
1 43 0.98
1 44 0.08
1 45 0.53
1 46 0.74
1 47 0.05
1 48 0.91
1 49 0.69
1 50 0.77
1 51 0.32
1 52 0.81
1 53 0.66
2 0 0.05
2 3 0.72
2 5 0.22
2 6 0.56
2 7 0.31
2 8 0.28
2 9 0.36
2 13 0.03
2 16 0.61
2 21 0.58
2 26 0.27
2 42 0.09
2 44 0.52
2 56 0.98
2 58 0.19
2 96 0.24
2 104 0.3
2 112 0.44
2 126 0.37
2 127 0.27
2 128 0.96
3 0 0.93
3 1 0.79
3 2 0.19
3 4 0.71
3 9 0.52
3 10 0.51
3 28 0.77
3 42 0.08
3 43 0.85
3 44 0.82
3 47 0.36
3 55 0.09
3 104 0.78
3 107 0.56
3 131 0.19
3 132 0.0
4 0 0.93
4 1 0.1
4 2 0.67
4 3 0.93
4 9 0.49
4 11 0.04
4 12 0.38
4 13 0.1
4 28 0.19
4 42 0.68
4 43 0.46
4 48 0.75
4 50 0.42
4 97 0.27
4 104 1.0
4 108 0.04
4 156 0.83
5 0 0.11
5 1 0.02
5 8 0.29
5 48 0.64
5 70 0.19
5 97 0.8
5 112 0.65
5 116 0.72
6 0 0.59
6 7 0.73
6 13 0.0
6 106 0.63
6 112 0.12
6 122 0.06
6 139 0.46
7 0 0.78
7 6 0.49
7 16 0.22
7 27 0.84
7 41 0.58
7 42 0.59
7 106 0.05
8 0 0.4
8 1 0.8
8 2 0.2
8 5 0.01
8 48 0.43
8 116 0.29
9 1 0.98
9 2 0.4
9 10 0.7
9 11 0.08
9 12 0.36
9 13 0.05
9 14 0.02
9 15 0.84
9 16 0.83
9 17 0.41
9 18 0.22
9 19 0.61
9 20 0.59
9 21 0.22
9 22 0.28
9 23 0.0
10 1 0.06
10 3 0.13
10 9 0.85
10 15 0.9
10 22 0.16
10 51 0.88
10 68 0.3
10 86 0.72
10 87 0.24
10 88 0.13
11 9 0.51
11 12 0.42
11 22 0.65
11 107 0.78
11 108 0.48
11 109 0.68
11 110 0.17
11 111 0.55
12 1 0.05
12 2 0.57
12 4 0.91
12 9 0.82
12 11 0.56
12 21 0.5
12 22 0.62
12 23 0.59
12 25 0.64
12 35 0.58
12 42 0.2
12 43 0.48
12 44 0.24
12 51 0.16
12 52 0.08
12 99 0.18
12 107 0.22
12 127 0.68
12 129 0.82
12 130 0.62
13 1 0.82
13 2 0.35
13 4 0.21
13 6 0.35
13 7 0.58
13 21 0.01
13 26 0.12
13 43 0.53
13 58 0.06
13 59 0.95
13 62 0.74
13 104 0.6
13 105 0.89
13 139 0.31
14 9 0.34
14 17 0.04
14 67 0.86
14 86 0.13
14 141 0.61
14 149 0.6
14 159 0.55
15 20 0.57
15 31 0.17
15 68 0.85
15 88 0.58
15 99 0.39
15 100 0.25
15 101 0.72
16 0 0.75
16 7 0.98
16 9 0.73
16 17 0.88
16 19 0.44
16 23 0.54
16 30 0.11
16 34 0.61
16 43 0.73
16 49 0.67
16 50 0.92
16 53 0.95
16 58 0.68
16 106 0.88
16 126 0.43
16 146 0.62
16 147 0.18
16 159 0.95
16 194 0.59
16 197 0.43
16 198 0.26
17 14 0.84
17 16 0.67
17 19 0.23
17 44 0.57
17 159 0.93
18 1 0.98
18 9 0.78
18 17 0.36
18 20 0.77
18 31 0.32
18 39 0.26
18 44 0.17
18 47 0.13
18 49 0.65
18 69 0.05
18 71 0.38
18 72 0.61
18 112 0.06
18 123 0.4
18 126 0.15
18 132 0.2
18 159 0.53
18 162 0.88
18 178 0.36
18 197 0.7
18 200 0.46
19 9 0.74
19 16 0.36
19 17 0.81
19 68 0.86
19 126 0.84
19 159 0.12
19 162 0.08
20 9 0.65
20 15 0.54
20 35 0.59
20 45 0.96
20 49 0.37
20 50 0.07
20 52 0.2
20 86 0.49
20 87 0.34
20 88 0.65
21 2 0.14
21 6 0.5
21 9 0.49
21 13 0.8
21 26 0.78
21 44 0.71
21 56 0.19
21 57 0.66
21 58 0.32
21 105 0.07
21 112 0.63
21 122 0.21
22 9 0.23
22 10 0.73
22 11 0.13
22 12 0.37
22 14 0.99
22 86 0.03
22 107 0.53
22 108 0.73
22 109 0.08
22 110 0.13
22 111 0.07
22 128 0.14
22 202 0.1
23 15 0.84
23 16 0.21
23 54 0.72
23 69 0.77
23 72 0.61
23 91 0.91
23 99 0.84
23 110 0.48
23 114 0.83
23 126 0.49
23 140 0.03
23 147 0.47
23 148 0.35
23 162 0.28
23 178 0.2
24 12 0.07
24 16 0.66
24 19 0.33
24 25 0.77
24 26 0.05
24 27 0.18
24 28 0.27
24 29 0.25
24 30 0.65
24 31 0.69
24 32 0.35
24 33 0.47
24 34 0.74
24 35 0.62
24 36 0.06
24 37 0.24
24 38 0.86
24 39 0.94
24 40 0.42
24 41 0.77
25 12 0.45
25 24 0.17
25 35 0.29
25 44 0.82
25 48 0.42
25 53 0.49
25 60 0.55
25 113 0.12
25 114 0.12
25 115 0.7
25 116 0.87
25 117 0.71
25 118 0.95
25 119 0.82
25 120 0.64
26 1 0.16
26 2 0.53
26 6 0.73
26 7 0.46
26 13 0.19
26 19 0.33
26 21 0.6
26 27 0.26
26 33 0.19
26 39 0.97
26 41 0.5
26 43 0.93
26 44 0.96
26 46 0.45
26 53 0.45
26 58 0.39
26 59 0.21
26 65 0.5
26 76 0.48
26 104 0.02
26 105 0.6
26 106 0.75
26 112 0.62
26 121 0.21
26 122 0.75
26 123 0.84
26 124 0.34
26 125 0.08
27 7 0.68
27 32 0.44
27 33 0.7
27 34 0.63
27 38 0.76
27 39 0.55
27 41 0.49
27 73 0.5
27 106 0.09
27 123 0.03
28 1 0.78
28 3 0.8
28 4 0.71
28 26 0.33
28 27 0.7
28 44 0.72
28 47 0.45
28 49 0.91
28 50 0.52
28 107 0.2
28 131 0.31
28 137 0.49
28 138 0.91
29 19 0.07
29 28 0.98
29 150 0.82
29 152 0.39
29 157 0.99
29 193 0.46
30 7 0.22
30 16 0.13
30 34 0.23
30 83 0.59
30 106 0.42
30 146 0.83
30 194 0.15
31 35 0.47
31 49 0.56
31 99 0.03
31 100 0.85
31 101 0.57
31 159 0.33
32 24 0.74
32 27 0.06
32 33 0.04
32 36 0.23
32 38 0.26
32 39 0.15
32 41 0.83
33 27 0.19
33 32 0.82
33 38 1.0
33 41 0.14
34 7 0.44
34 16 0.48
34 27 0.58
34 30 0.77
34 32 0.79
34 41 0.66
34 103 0.51
34 106 0.46
34 112 0.56
34 170 0.61
34 194 0.39
35 12 0.31
35 13 0.32
35 20 0.88
35 25 0.73
35 31 0.89
35 45 0.25
35 49 0.57
35 50 0.48
35 52 0.98
35 67 0.78
35 113 0.25
35 114 0.06
35 118 0.89
35 119 0.87
35 132 0.97
35 168 0.4
35 170 0.84
35 172 0.34
35 200 0.54
36 24 0.11
36 27 0.27
36 32 0.06
36 33 0.94
36 106 0.94
36 170 0.38
36 194 0.32
37 73 0.33
37 81 0.65
37 82 0.76
37 85 0.75
37 147 0.23
37 184 0.8
37 193 0.14
38 7 0.71
38 24 0.26
38 27 0.19
38 32 0.36
38 33 0.31
38 35 0.55
38 41 0.55
39 18 0.79
39 26 0.28
39 27 0.82
39 32 0.87
39 33 0.91
39 41 0.88
39 53 0.21
39 119 0.33
39 123 0.66
39 132 0.38
39 189 0.69
40 51 0.67
40 60 0.43
40 61 0.84
40 69 0.24
40 115 0.02
40 127 0.39
40 143 0.72
40 144 0.64
40 145 0.35
40 149 0.33
40 155 0.39
40 165 0.08
40 166 0.24
40 168 0.36
40 171 0.07
40 174 0.26
40 177 0.46
40 183 0.06
40 184 0.09
40 211 0.8
41 27 0.39
41 32 0.13
41 33 0.97
41 38 0.95
42 0 0.87
42 1 0.56
42 2 0.0
42 3 0.54
42 4 0.01
42 7 0.96
42 13 0.91
42 58 0.29
42 104 0.34
42 112 0.26
43 1 0.09
43 2 0.27
43 3 0.32
43 4 0.39
43 13 0.33
43 16 0.35
43 26 0.55
43 58 0.33
43 104 0.07
43 106 0.69
44 2 0.76
44 23 0.24
44 26 0.28
44 66 0.02
44 68 0.9
44 86 0.89
44 111 0.44
44 126 0.44
44 128 0.84
44 158 0.28
45 1 0.37
45 46 0.18
45 47 0.12
45 48 0.27
45 49 0.85
45 52 0.85
45 68 0.08
45 72 0.27
45 91 0.58
45 92 0.48
45 97 0.83
45 99 0.03
45 102 0.78
45 114 0.31
45 146 0.35
45 160 0.16
45 161 0.8
46 45 0.49
46 53 0.44
46 91 0.17
46 92 1.0
46 95 0.11
46 114 0.29
46 137 0.78
46 140 0.2
46 162 0.12
46 169 0.54
46 176 0.08
47 1 0.59
47 3 0.83
47 45 0.36
47 55 0.28
47 57 0.19
47 68 0.74
47 190 0.71
48 1 0.12
48 5 0.1
48 93 0.99
48 97 0.47
48 116 0.18
49 16 0.92
49 31 0.39
49 45 0.67
49 50 0.17
49 52 0.85
49 53 0.66
49 72 0.87
49 100 0.86
49 101 0.01
49 117 0.7
49 159 0.2
49 178 0.84
50 1 0.55
50 49 0.16
50 51 0.5
50 52 0.21
50 53 0.15
50 72 0.13
50 98 0.4
50 124 0.61
50 130 0.99
50 161 0.11
50 200 0.48
51 9 0.26
51 10 0.89
51 23 0.25
51 40 0.95
51 50 0.81
51 52 0.24
51 53 0.38
51 66 0.68
51 69 0.71
51 72 0.18
51 87 0.57
51 97 0.17
51 103 0.41
51 125 0.85
51 130 0.03
51 136 0.26
51 147 0.04
51 171 0.51
52 1 0.8
52 20 0.11
52 21 0.69
52 45 0.35
52 49 0.5
52 50 0.99
52 51 0.68
52 97 0.15
52 124 1.0
52 139 0.17
52 161 0.61
52 166 0.7
52 168 0.53
53 46 0.23
53 49 0.28
53 50 0.25
53 51 0.19
53 70 0.26
53 114 0.22
53 120 0.21
53 130 0.1
53 132 0.93
53 193 0.35
53 200 0.06
54 40 0.95
54 47 0.04
54 55 0.78
54 56 0.11
54 57 0.72
54 58 0.67
54 59 0.33
54 60 0.35
54 61 0.32
54 62 0.34
54 63 0.8
54 64 0.88
54 65 0.35
55 47 0.78
55 54 0.59
55 56 0.27
55 57 0.28
55 62 0.17
55 143 0.17
55 144 0.11
55 145 0.64
56 2 0.7
56 40 0.49
56 54 0.63
56 55 0.32
56 57 0.77
56 58 0.49
56 60 0.56
56 62 0.48
56 73 0.51
56 78 0.64
56 85 0.55
56 145 0.52
56 146 0.92
56 147 0.4
56 148 0.31
56 149 0.53
57 40 0.4
57 47 0.95
57 54 0.41
57 55 0.06
57 56 0.29
57 58 0.45
57 59 0.03
57 61 0.57
57 62 0.12
57 145 0.18
58 6 0.13
58 13 0.99
58 16 0.8
58 21 0.35
58 26 0.94
58 42 0.11
58 43 0.83
58 54 0.44
58 56 0.9
58 57 0.61
58 59 0.13
58 62 0.5
58 69 0.64
59 2 0.9
59 13 0.72
59 21 0.8
59 26 0.47
59 54 0.19
59 55 0.37
59 56 0.08
59 57 0.6
59 58 0.09
59 62 0.67
59 125 0.07
60 40 0.38
60 51 0.29
60 54 0.44
60 56 0.35
60 57 0.57
60 61 0.13
60 62 0.43
60 69 0.35
60 115 0.37
60 120 0.75
60 127 0.65
60 132 0.97
60 145 0.2
60 147 0.72
60 164 0.77
60 168 1.0
60 169 0.44
60 210 0.06
60 211 0.79
61 40 0.69
61 54 0.22
61 60 0.49
61 115 0.17
61 127 0.86
61 169 0.42
62 2 0.79
62 13 0.37
62 54 0.42
62 55 0.73
62 57 0.8
62 58 0.2
62 59 0.56
62 60 0.47
62 61 0.45
62 65 0.33
62 149 0.74
62 164 0.72
62 198 0.54
63 7 0.16
63 53 0.34
63 54 0.35
63 55 0.31
63 56 0.59
63 57 0.7
63 59 0.37
63 62 0.94
63 65 0.54
63 70 0.77
63 120 0.06
63 145 0.78
63 148 0.78
63 149 1.0
63 208 0.52
63 212 0.55
64 40 0.16
64 53 0.18
64 55 0.26
64 63 0.69
64 65 0.35
64 70 0.46
64 74 0.46
64 76 0.02
64 84 0.86
64 97 0.79
64 120 0.32
64 125 0.56
64 127 0.31
64 143 0.51
64 144 0.61
64 148 0.67
64 149 0.96
64 155 0.96
64 177 0.12
64 181 0.43
64 182 0.84
64 183 0.27
64 184 0.69
64 191 0.62
64 198 0.65
64 208 0.19
64 210 0.01
65 62 0.2
65 64 0.96
65 74 0.38
65 76 0.2
65 125 0.06
65 133 0.01
65 134 0.77
65 198 0.85
65 206 0.65
66 51 0.4
66 52 0.34
66 67 0.94
66 68 0.97
66 69 0.7
66 70 0.1
66 71 0.95
66 72 0.21
67 14 0.03
67 17 0.94
67 35 0.19
67 48 0.26
67 49 0.27
67 66 0.55
67 176 0.98
68 44 0.52
68 66 0.83
68 71 0.45
68 72 1.0
68 84 0.68
68 87 0.3
68 88 0.73
68 124 0.51
68 155 0.56
68 165 0.45
68 168 0.07
68 190 0.51
68 193 0.57
68 200 0.16
69 15 0.41
69 18 0.67
69 20 0.72
69 23 0.76
69 40 0.17
69 50 0.35
69 51 0.72
69 52 0.51
69 54 0.21
69 60 0.86
69 61 0.06
69 62 0.23
69 72 0.17
69 82 0.99
69 86 0.1
69 87 0.02
69 110 0.19
69 111 0.42
69 115 0.73
69 118 0.52
69 120 0.16
69 124 0.76
69 126 0.12
69 127 0.74
69 130 0.64
69 132 0.07
69 140 0.09
69 141 0.4
69 143 0.33
69 144 0.85
69 145 0.04
69 146 0.94
69 147 0.97
69 149 0.16
69 155 1.0
69 156 0.05
69 161 0.17
69 162 0.39
69 164 0.89
69 165 0.7
69 166 0.99
69 168 0.06
69 169 0.05
69 171 0.11
69 180 0.08
69 181 0.3
69 185 0.25
69 202 0.27
69 203 0.19
69 209 0.72
69 211 0.32
70 53 0.24
70 63 0.46
70 64 0.62
70 65 0.1
70 84 0.11
70 93 0.59
70 114 0.34
70 120 0.53
70 140 0.58
70 142 0.7
70 148 0.09
70 155 0.15
70 157 0.48
70 165 0.9
70 177 0.64
70 191 0.0
70 192 0.19
70 193 0.2
70 198 0.8
70 208 0.02
71 66 0.46
71 67 0.74
71 68 0.59
71 70 0.71
71 84 0.6
71 87 0.91
71 88 0.23
71 124 0.48
71 142 0.61
71 155 0.28
71 161 0.96
71 190 0.43
71 191 0.35
71 197 0.49
72 19 0.78
72 23 0.96
72 49 0.51
72 50 0.31
72 51 0.7
72 66 0.42
72 68 0.08
72 69 1.0
72 125 0.3
72 126 0.32
72 130 0.51
72 146 0.2
72 161 0.17
72 162 0.31
72 164 0.51
72 165 0.7
72 168 0.32
72 178 0.49
72 187 0.19
72 190 0.73
73 27 0.24
73 37 0.37
73 74 0.44
73 75 0.32
73 76 0.9
73 77 0.01
73 78 0.52
73 79 0.48
73 80 0.94
73 81 0.77
73 82 0.61
73 83 0.65
73 84 0.09
73 85 0.1
74 64 0.5
74 65 0.51
74 73 0.59
74 75 0.34
74 76 0.07
74 78 0.44
74 82 0.97
74 83 0.68
74 85 0.08
74 133 0.09
74 134 0.92
75 37 0.34
75 55 0.89
75 56 0.68
75 73 0.56
75 74 0.16
75 76 0.84
75 78 0.42
75 81 0.26
75 82 0.41
75 121 0.98
75 138 0.09
75 150 0.85
75 152 0.64
75 153 0.24
75 157 0.25
76 64 0.06
76 65 0.01
76 73 0.16
76 74 0.6
76 75 0.16
76 78 0.41
76 82 0.48
76 83 0.0
76 85 0.7
76 134 0.78
77 73 0.63
77 78 0.04
77 80 0.83
77 81 0.81
77 150 0.37
77 167 0.01
77 172 0.35
77 173 0.78
77 186 0.42
77 187 0.7
77 188 0.64
77 192 0.64
77 193 0.34
78 73 0.8
78 74 0.34
78 75 0.08
78 76 0.2
78 77 0.34
78 80 0.42
78 81 0.09
78 143 0.88
78 150 0.7
78 173 0.82
79 37 0.84
79 56 0.89
79 73 0.12
79 75 0.39
79 82 0.97
79 85 0.2
79 94 0.38
79 112 0.21
79 122 0.58
79 138 0.58
79 150 0.74
79 173 0.98
79 183 0.23
79 192 0.8
80 73 0.67
80 77 0.23
80 78 0.08
80 81 0.38
80 114 0.67
80 125 0.23
80 133 0.97
80 150 0.33
80 167 0.08
80 192 0.4
80 201 0.31
81 37 0.56
81 73 0.59
81 75 0.34
81 77 0.17
81 78 0.96
81 80 0.15
81 94 0.31
81 133 0.61
81 150 0.66
81 152 0.9
81 153 0.51
82 37 0.97
82 73 0.6
82 75 0.32
82 78 0.56
82 79 0.8
82 83 0.47
82 124 0.14
82 138 0.3
82 143 0.98
82 144 0.72
82 168 0.01
82 180 0.37
82 181 0.96
82 183 0.36
82 184 0.24
83 30 0.91
83 37 0.31
83 73 0.76
83 74 0.62
83 75 0.6
83 76 0.68
83 79 0.69
83 82 0.63
83 85 0.43
84 68 0.85
84 70 0.98
84 71 0.01
84 73 0.48
84 93 0.6
84 124 0.76
84 125 0.59
84 138 0.79
84 141 0.22
84 142 0.38
84 143 0.61
84 163 0.82
84 164 0.06
84 165 0.9
84 183 0.84
84 184 0.01
84 191 0.42
84 208 0.11
85 37 0.41
85 56 0.28
85 73 0.1
85 74 0.63
85 75 0.85
85 76 0.05
85 79 0.71
85 82 0.58
85 83 0.06
85 183 0.95
86 10 0.37
86 11 0.58
86 14 0.13
86 20 0.85
86 22 0.64
86 44 0.26
86 68 0.73
86 87 0.74
86 88 0.46
86 109 0.67
86 110 0.01
86 111 0.94
86 149 0.58
86 154 0.95
86 202 0.02
86 203 0.83
86 209 0.92
87 10 0.12
87 20 0.57
87 51 0.76
87 68 0.27
87 71 0.45
87 84 0.57
87 86 0.28
87 88 0.8
87 93 0.65
87 140 0.91
87 142 0.79
87 160 0.3
87 161 0.18
87 165 0.3
87 190 0.62
87 191 0.42
88 15 0.25
88 20 0.73
88 68 0.54
88 71 0.37
88 87 0.15
88 161 0.86
88 191 0.98
89 45 0.73
89 46 0.9
89 90 0.71
89 91 0.27
89 92 0.66
89 93 0.78
89 94 0.71
89 95 0.6
90 47 0.95
90 89 0.71
91 46 0.54
91 47 0.0
91 92 0.55
91 93 0.03
91 94 0.06
91 95 0.79
91 114 0.83
91 137 0.55
91 146 0.07
91 162 0.68
91 169 0.39
91 171 0.89
91 174 0.95
91 176 0.05
91 177 0.78
92 31 0.34
92 45 0.98
92 46 0.16
92 91 0.33
92 95 0.11
92 99 0.26
92 114 0.9
92 146 0.17
92 162 0.23
92 169 0.22
92 176 0.18
93 46 0.82
93 84 0.2
93 91 0.83
93 94 0.59
93 140 0.22
93 150 0.94
93 165 0.71
93 166 0.72
93 174 0.51
93 190 0.08
94 79 0.83
94 84 0.03
94 89 0.6
94 91 0.45
94 93 0.31
94 153 0.62
94 188 0.08
94 190 0.26
94 191 0.4
95 0 0.93
95 45 0.69
95 46 0.02
95 47 0.52
95 91 0.11
95 92 0.71
95 93 0.53
95 94 0.35
95 114 0.05
95 115 0.08
95 128 0.18
95 137 0.96
95 140 0.46
95 146 0.49
95 162 0.51
95 169 0.49
95 171 0.69
96 2 0.87
96 4 0.23
96 17 0.05
96 31 0.23
96 42 0.38
96 43 0.3
96 51 0.55
96 67 0.59
96 97 0.58
96 98 0.39
96 99 0.68
96 100 0.31
96 101 0.78
96 102 0.22
96 103 0.18
97 47 0.32
97 48 0.48
97 52 0.62
97 54 0.04
97 91 0.91
97 93 0.05
97 116 0.56
97 125 0.99
97 143 0.26
97 153 0.99
97 161 0.8
97 167 0.38
97 168 0.37
98 19 0.59
98 45 0.66
98 49 0.55
98 50 0.91
98 52 0.43
98 66 0.8
98 68 0.26
98 97 0.6
99 15 0.17
99 23 0.17
99 31 0.52
99 45 0.01
99 49 0.9
99 92 0.32
99 100 0.27
99 101 0.64
99 102 0.41
100 15 0.63
100 49 0.76
100 99 0.43
100 101 0.79
101 15 0.24
101 17 0.08
101 31 0.98
101 49 0.4
101 51 0.58
101 67 0.09
101 96 0.44
101 99 0.97
101 100 0.48
101 102 0.57
101 103 0.63
101 159 0.64
102 31 0.67
102 45 0.36
102 99 0.63
103 15 0.17
103 99 0.94
103 100 0.15
103 101 0.96
104 0 0.57
104 2 0.95
104 4 0.26
104 5 0.99
104 8 0.97
104 10 0.3
104 13 0.67
104 16 0.56
104 26 0.37
104 43 0.31
104 58 0.14
104 105 0.65
104 106 0.55
104 107 0.93
105 0 0.27
105 2 0.3
105 6 0.19
105 13 0.26
105 26 0.46
105 27 0.5
105 46 0.47
105 58 0.83
105 70 0.97
105 104 0.66
105 112 0.63
105 139 0.9
105 140 0.42
105 141 0.21
105 142 0.83
106 6 0.43
106 7 0.16
106 16 0.8
106 27 0.6
106 30 0.78
106 34 0.07
106 198 0.45
106 204 0.82
107 3 0.8
107 9 0.72
107 10 0.07
107 11 0.46
107 12 0.57
107 23 0.17
107 28 0.67
107 44 0.3
107 69 0.93
107 97 0.54
107 108 0.71
107 110 0.48
107 111 0.54
107 116 0.42
107 129 0.64
107 131 0.18
107 132 0.34
107 197 0.37
107 202 0.8
108 11 0.85
108 22 0.02
108 107 0.0
108 109 0.36
108 110 0.11
108 135 0.6
108 136 0.03
109 11 0.67
109 22 0.87
109 86 0.72
109 107 0.24
109 108 0.53
109 110 0.2
109 111 0.91
109 128 0.78
109 129 0.34
109 202 0.44
109 203 0.55
110 11 0.14
110 22 0.84
110 69 0.82
110 86 0.19
110 107 0.46
110 108 0.05
110 109 0.71
110 111 0.12
110 128 0.79
110 202 0.04
110 203 0.17
111 22 0.01
111 54 0.41
111 86 0.1
111 99 0.17
111 109 0.7
111 110 0.98
111 120 0.39
111 128 0.33
111 129 0.62
111 148 0.12
111 202 0.75
111 203 0.07
111 209 0.81
112 1 0.15
112 2 0.01
112 5 0.94
112 6 0.93
112 7 0.67
112 8 0.52
112 13 0.38
112 18 0.72
112 24 0.71
112 26 0.14
112 31 0.61
112 34 0.16
112 35 0.57
112 39 0.5
112 41 0.8
112 42 0.58
112 43 0.5
112 58 0.06
112 105 0.1
112 106 1.0
112 107 0.6
112 121 0.72
112 122 0.72
112 123 0.14
112 124 0.55
112 132 0.02
112 139 0.87
112 155 0.64
112 158 0.47
112 170 0.94
112 183 0.06
112 184 0.95
112 194 0.28
113 35 0.98
113 114 0.66
113 119 0.68
113 166 0.79
114 19 0.11
114 35 0.04
114 46 0.8
114 53 0.62
114 91 0.75
114 92 0.49
114 95 0.94
114 99 0.39
114 113 0.09
114 119 0.59
114 164 0.11
114 169 0.45
115 25 0.61
115 40 0.85
115 46 0.14
115 53 0.25
115 60 0.26
115 61 0.18
115 69 0.29
115 113 0.46
115 114 0.85
115 119 0.72
115 120 0.7
115 127 0.84
115 155 0.9
115 164 0.38
115 169 0.67
115 171 0.75
116 5 0.18
116 8 0.72
116 48 0.58
116 97 0.56
116 139 0.62
116 195 0.22
117 18 0.91
117 49 0.63
117 50 0.33
117 72 0.66
117 130 0.22
117 178 0.47
118 35 0.26
118 69 0.76
118 111 0.4
118 119 0.54
118 120 0.56
118 169 0.16
119 12 0.38
119 15 0.8
119 18 0.45
119 25 0.99
119 35 0.45
119 39 0.15
119 40 0.72
119 49 0.32
119 53 0.46
119 60 0.49
119 61 0.34
119 62 0.1
119 69 0.84
119 71 0.39
119 99 0.5
119 106 0.3
119 111 0.87
119 113 0.1
119 114 0.31
119 115 0.06
119 117 0.58
119 118 0.95
119 120 0.23
119 126 0.82
119 127 0.92
119 168 0.65
119 169 0.36
119 172 0.12
119 178 0.67
119 189 0.85
119 200 0.06
119 203 0.22
119 211 0.25
120 25 0.03
120 46 0.96
120 50 0.86
120 53 0.95
120 61 0.3
120 111 0.52
120 113 0.54
120 115 0.99
120 119 0.01
120 148 0.9
120 149 0.98
120 169 0.78
120 202 0.66
120 203 0.94
120 208 0.44
120 212 0.74
121 26 0.05
121 29 0.79
121 37 0.65
121 53 0.18
121 75 0.59
121 81 0.45
121 106 0.79
121 138 0.05
121 150 0.75
121 151 0.58
121 152 0.44
121 153 0.19
121 154 0.83
121 155 0.52
122 0 0.93
122 6 0.74
122 8 0.27
122 21 0.17
122 79 0.21
122 112 0.77
122 123 0.55
123 6 0.64
123 7 0.9
123 16 0.97
123 18 0.9
123 26 0.54
123 27 0.78
123 32 0.73
123 33 0.46
123 39 0.64
123 41 0.48
123 53 0.47
123 105 0.73
123 106 0.38
123 112 0.13
123 122 0.92
124 46 0.1
124 68 0.42
124 71 0.48
124 125 0.37
124 165 0.04
124 183 0.97
124 184 0.43
124 190 0.48
124 191 0.94
124 205 0.01
125 13 0.29
125 62 0.07
125 65 0.71
125 70 0.27
125 72 0.52
125 80 0.23
125 124 0.77
125 138 0.51
125 141 0.87
125 149 0.66
125 156 0.24
125 164 0.56
125 175 0.83
125 179 0.01
125 180 0.18
125 183 0.84
125 192 0.51
126 2 0.64
126 16 0.88
126 23 0.12
126 44 0.58
126 69 0.08
126 72 0.42
126 124 0.35
126 158 0.13
126 162 0.03
127 0 0.63
127 2 0.8
127 6 0.84
127 32 0.98
127 33 0.1
127 39 0.91
127 40 0.54
127 44 0.68
127 60 0.88
127 61 0.2
127 115 0.23
127 120 0.23
127 124 0.23
127 139 0.98
127 140 0.71
127 143 0.78
127 145 0.82
127 149 0.63
127 155 0.39
127 160 0.3
127 164 0.35
127 165 0.86
127 166 0.07
127 168 0.68
127 171 0.91
127 177 0.44
127 183 0.14
127 184 0.6
127 208 0.28
128 22 0.14
128 44 0.94
128 82 0.49
128 86 0.03
128 109 0.22
128 110 0.79
128 111 0.3
128 120 0.39
128 136 0.72
128 202 0.3
128 203 0.2
129 11 0.67
129 13 0.29
129 22 0.24
129 86 0.95
129 104 0.68
129 107 0.79
129 108 0.53
129 109 0.57
129 110 0.93
129 111 0.05
129 128 0.34
129 131 0.69
129 202 0.3
129 203 0.16
130 16 0.1
130 40 0.65
130 44 0.96
130 50 0.81
130 51 0.88
130 52 0.07
130 53 0.93
130 60 0.92
130 61 0.36
130 66 0.47
130 69 0.41
130 72 0.61
130 82 0.23
130 87 0.96
130 117 0.13
130 124 0.42
130 137 0.42
130 141 0.47
130 147 0.7
130 161 0.34
130 168 0.97
130 171 0.3
130 178 0.91
130 211 0.2
131 3 0.89
131 28 0.72
131 107 0.27
131 129 0.59
131 197 0.45
132 15 0.85
132 22 0.24
132 53 0.13
132 60 0.4
132 61 0.25
132 67 0.81
132 69 0.19
132 107 0.48
132 122 0.85
132 136 0.56
132 154 0.3
132 155 0.59
133 78 0.17
133 81 0.24
133 134 0.96
133 156 0.23
133 157 0.3
133 192 0.89
133 198 0.06
133 201 0.02
133 206 0.6
134 11 0.39
134 65 0.6
134 74 0.62
134 76 0.75
134 83 0.4
134 84 0.97
134 85 0.34
134 133 0.54
134 137 0.94
134 138 0.57
134 143 0.52
134 148 0.25
134 156 0.64
134 160 0.25
134 173 0.29
134 175 0.57
134 183 0.95
134 184 0.89
134 193 0.52
134 198 0.87
134 201 0.79
134 206 0.3
134 210 0.11
134 212 0.41
135 13 0.66
135 35 0.92
135 108 0.75
135 120 0.03
135 126 0.78
135 132 0.22
135 136 0.44
135 169 0.0
135 170 0.98
136 22 0.62
136 51 0.12
136 108 0.33
136 128 0.28
136 132 0.74
136 135 0.17
136 170 0.11
136 199 0.38
136 213 0.79
137 46 0.42
137 91 0.3
137 93 0.94
137 94 0.01
137 114 0.02
137 146 0.21
137 150 0.76
137 153 0.71
137 160 0.98
137 167 0.07
137 171 0.48
137 172 0.16
137 173 0.64
138 37 0.29
138 79 0.92
138 82 0.34
138 84 0.05
138 125 0.9
138 143 0.18
138 144 0.26
138 151 0.72
138 155 0.8
138 161 0.77
138 168 0.46
138 175 0.15
138 180 0.6
138 183 0.36
138 184 0.38
138 190 0.5
138 205 0.95
138 210 0.2
139 6 0.08
139 13 0.93
139 18 0.47
139 44 0.73
139 52 0.59
139 112 1.0
139 116 0.57
139 124 0.7
139 155 0.64
140 23 0.44
140 46 0.7
140 69 0.55
140 70 0.18
140 71 0.58
140 84 0.2
140 87 0.68
140 93 0.22
140 97 0.47
140 127 0.24
140 142 0.5
140 160 0.03
140 162 0.06
140 163 0.65
140 164 0.31
140 165 0.92
140 166 0.21
141 84 0.55
141 142 0.64
141 164 0.56
141 191 0.69
142 70 0.22
142 84 0.94
142 94 0.25
142 141 0.84
142 191 0.76
143 40 0.55
143 55 0.1
143 125 0.32
143 138 0.83
143 144 0.57
143 149 0.79
143 151 0.29
143 155 0.31
143 160 1.0
143 175 0.36
143 179 0.67
143 180 0.88
143 181 1.0
143 182 0.95
143 183 0.58
143 184 0.28
143 192 0.84
143 205 0.45
143 210 0.3
144 40 0.25
144 61 0.42
144 64 0.49
144 69 0.19
144 82 0.81
144 97 0.71
144 138 0.13
144 143 0.73
144 151 0.79
144 155 0.05
144 168 0.9
144 179 0.18
144 180 0.8
144 181 0.95
144 182 0.73
144 183 0.39
144 184 0.21
144 205 0.15
144 210 0.83
145 40 0.11
145 46 0.29
145 47 0.5
145 54 0.44
145 55 0.2
145 56 0.51
145 57 0.53
145 58 0.27
145 60 0.56
145 61 0.57
145 62 0.82
145 63 0.65
145 69 0.64
145 171 0.46
146 30 0.5
146 45 0.3
146 46 0.82
146 69 0.54
146 72 0.79
146 91 0.41
146 92 0.57
146 94 0.22
146 95 0.96
146 114 0.68
146 137 0.38
146 150 0.43
146 160 0.75
146 166 0.39
146 169 0.75
146 171 0.6
146 174 0.94
146 176 0.89
147 16 0.34
147 23 0.9
147 37 0.43
147 45 0.61
147 49 0.84
147 50 0.37
147 51 0.13
147 53 0.43
147 56 0.2
147 61 0.61
147 69 0.99
147 99 0.23
147 114 0.72
147 126 0.68
147 162 0.04
147 177 0.05
147 178 0.33
148 63 0.71
148 64 0.19
148 66 0.25
148 70 0.18
148 102 0.75
148 149 0.01
148 168 0.94
148 208 0.38
148 212 0.99
149 14 0.95
149 40 0.43
149 62 0.33
149 63 0.88
149 64 0.27
149 65 0.28
149 120 0.72
149 125 0.4
149 143 0.62
149 148 0.48
149 155 0.72
149 164 0.07
149 184 0.59
149 208 0.92
149 212 0.32
150 77 0.05
150 137 0.42
150 152 0.78
150 153 0.98
150 157 0.13
150 160 0.06
150 167 0.52
150 171 0.69
150 172 0.76
150 173 0.47
150 174 0.43
150 175 0.11
151 138 0.68
151 143 0.39
151 144 0.87
151 179 0.6
151 180 0.37
151 181 0.54
151 182 0.05
151 183 0.29
151 184 0.91
152 75 0.05
152 81 0.05
152 137 0.01
152 150 0.35
152 153 0.39
152 172 0.22
152 188 0.27
153 81 0.18
153 94 0.52
153 137 0.75
153 150 0.52
153 152 0.24
153 167 0.71
153 173 0.75
153 188 0.45
154 86 1.0
154 132 0.15
154 147 0.26
155 70 0.35
155 138 0.99
155 143 0.77
155 149 0.43
155 177 0.47
155 183 0.03
155 184 0.59
155 190 0.42
156 65 0.16
156 133 0.46
156 157 0.22
156 198 0.93
156 201 0.9
156 204 0.48
156 206 0.82
157 28 0.42
157 29 0.1
157 63 0.3
157 84 0.74
157 133 0.15
157 136 0.79
157 137 0.03
157 150 0.8
157 156 0.43
157 168 0.31
157 171 0.35
157 193 0.97
157 210 0.36
158 44 0.03
158 126 0.88
159 9 0.34
159 14 0.35
159 16 0.2
159 17 0.8
159 19 0.12
160 45 0.87
160 47 0.65
160 87 0.33
160 137 0.57
160 140 0.31
160 143 0.99
160 146 0.67
160 150 0.58
160 155 0.15
160 163 0.46
160 165 0.4
160 166 0.67
160 168 0.15
160 171 0.86
160 177 0.2
161 53 0.7
161 71 0.1
161 72 0.01
161 88 0.27
161 130 0.44
161 138 0.21
161 188 0.4
161 190 0.75
162 23 0.08
162 40 0.88
162 46 0.75
162 72 0.6
162 91 0.65
162 92 0.44
162 97 0.72
162 114 0.1
162 126 0.73
162 137 0.94
162 140 0.19
162 147 0.7
162 148 0.08
162 164 0.44
162 169 0.68
162 171 0.41
163 68 0.72
163 84 0.21
163 133 0.95
163 140 0.77
163 142 0.72
163 143 0.76
163 155 0.41
163 167 0.22
163 173 0.83
163 175 0.21
163 188 0.21
163 191 0.36
164 60 0.87
164 61 0.2
164 62 0.63
164 69 0.46
164 72 0.89
164 84 0.13
164 114 0.64
164 141 0.47
164 149 0.03
164 155 0.63
164 162 0.26
164 168 0.03
164 169 0.19
164 185 0.75
164 192 0.83
164 208 0.55
165 46 0.92
165 70 0.97
165 71 0.39
165 72 0.49
165 84 0.08
165 93 0.14
165 94 0.92
165 124 0.17
165 125 0.69
165 140 0.54
165 141 0.92
165 142 0.06
165 155 0.47
165 160 0.38
165 163 0.68
165 166 0.14
165 168 0.4
165 171 0.85
165 174 0.45
165 177 0.25
165 183 0.81
165 185 0.09
165 190 0.24
166 40 0.27
166 46 0.71
166 60 0.9
166 61 0.19
166 69 0.27
166 70 0.06
166 93 0.98
166 124 0.19
166 127 0.03
166 140 0.53
166 142 0.27
166 160 0.21
166 165 0.95
166 168 0.38
166 171 0.77
166 174 0.04
166 177 0.77
166 191 0.17
167 77 0.7
167 80 0.9
167 137 0.95
167 150 0.81
167 153 0.94
167 171 0.49
167 172 0.91
167 173 0.07
167 174 0.31
167 175 0.26
167 185 0.67
167 186 0.01
167 187 0.37
167 188 0.58
167 190 0.28
167 192 0.27
167 201 0.45
168 40 0.58
168 51 0.67
168 52 0.39
168 60 0.91
168 61 0.48
168 66 0.45
168 69 0.53
168 72 0.29
168 77 0.89
168 80 0.6
168 81 0.11
168 82 0.72
168 84 0.98
168 97 0.03
168 119 0.5
168 125 0.2
168 127 0.38
168 138 0.28
168 143 0.27
168 144 0.6
168 148 0.25
168 150 0.12
168 155 0.3
168 156 0.99
168 160 0.41
168 161 0.31
168 164 0.01
168 167 0.21
168 175 0.36
168 177 0.68
168 184 0.77
168 188 0.42
168 211 0.29
169 49 0.35
169 53 0.16
169 61 0.95
169 72 0.44
169 91 0.02
169 95 0.01
169 114 0.33
169 115 0.65
169 120 0.28
169 137 0.94
169 164 0.46
169 178 0.71
170 35 0.02
170 36 0.49
170 97 0.43
170 119 0.25
170 135 0.66
170 136 0.67
170 187 0.1
170 195 0.94
170 199 0.52
171 40 0.83
171 46 0.96
171 69 0.17
171 91 0.78
171 130 0.4
171 137 0.57
171 150 0.56
171 162 0.47
171 165 0.48
171 166 0.23
171 169 0.29
171 174 0.89
171 185 0.32
172 35 0.04
172 45 0.35
172 75 0.67
172 77 0.17
172 80 0.55
172 114 0.68
172 137 0.61
172 150 0.95
172 152 0.7
172 153 0.91
172 167 0.5
172 171 0.1
172 173 0.85
172 186 0.67
172 187 0.36
173 77 0.21
173 78 0.08
173 79 0.97
173 80 0.31
173 150 0.06
173 153 0.17
173 167 0.36
173 172 0.77
173 175 0.9
173 187 0.69
173 188 0.48
173 192 0.54
173 201 0.64
174 91 0.95
174 92 0.3
174 93 0.85
174 140 0.35
174 150 0.67
174 165 0.2
174 171 0.39
174 185 0.41
175 77 0.08
175 80 0.77
175 125 0.17
175 138 0.56
175 143 0.39
175 150 0.09
175 153 0.74
175 155 0.26
175 163 0.85
175 164 0.66
175 167 0.9
175 168 0.62
175 172 0.4
175 173 0.78
175 174 0.95
175 184 0.1
175 185 0.81
175 187 0.01
175 188 0.66
175 192 0.64
176 46 0.46
176 67 0.57
176 91 0.62
176 92 0.44
176 95 0.94
176 114 0.59
176 146 0.94
176 162 0.4
176 169 0.83
177 40 0.28
177 64 0.57
177 70 0.47
177 91 0.88
177 93 0.5
177 149 0.82
177 155 0.01
177 160 0.07
177 165 0.25
177 183 0.52
177 190 0.67
178 1 0.9
178 16 0.54
178 18 0.26
178 19 0.41
178 23 0.7
178 31 0.04
178 35 0.26
178 49 0.76
178 50 0.3
178 53 0.77
178 69 0.35
178 72 0.22
178 117 0.44
178 119 0.03
178 120 0.29
178 126 0.34
178 147 0.92
178 159 0.09
178 162 0.91
178 164 0.47
178 169 0.94
178 197 0.05
179 125 0.64
179 138 0.83
179 143 0.98
179 144 0.48
179 151 0.02
179 155 0.16
179 180 0.33
179 181 0.69
179 182 0.02
179 183 0.5
179 192 0.93
179 205 0.53
179 210 0.56
180 125 0.87
180 138 0.67
180 143 0.79
180 144 0.17
180 151 0.87
180 155 0.45
180 179 0.75
180 181 0.21
180 183 0.54
180 184 0.87
180 192 0.81
180 205 0.42
180 210 0.77
181 64 0.32
181 138 0.59
181 143 0.62
181 144 0.71
181 179 0.78
181 180 0.09
181 182 0.06
181 183 0.14
181 184 0.74
181 192 0.4
181 205 0.56
182 40 0.94
182 64 0.43
182 65 0.07
182 125 0.98
182 138 0.37
182 143 0.41
182 144 0.2
182 151 0.18
182 168 0.18
182 173 0.32
182 179 0.89
182 180 0.41
182 181 0.66
182 183 0.51
182 184 0.17
182 192 0.57
182 205 0.17
182 210 0.05
183 40 0.5
183 53 0.13
183 64 0.12
183 70 0.19
183 72 0.89
183 75 0.1
183 78 0.85
183 80 0.81
183 81 0.57
183 82 0.95
183 84 0.09
183 85 0.6
183 94 0.12
183 97 0.76
183 114 0.04
183 120 0.14
183 124 0.46
183 125 0.78
183 133 0.07
183 137 0.63
183 138 0.15
183 141 0.66
183 143 0.71
183 144 0.27
183 149 0.12
183 151 0.07
183 153 0.02
183 155 0.26
183 163 0.97
183 165 0.55
183 166 0.02
183 168 0.44
183 177 0.43
183 179 0.02
183 180 0.31
183 181 0.51
183 182 0.9
183 184 0.62
183 186 0.9
183 188 0.47
183 190 0.81
183 192 0.24
183 205 0.63
183 210 0.21
183 211 0.03
184 40 0.12
184 64 0.44
184 124 0.93
184 125 0.6
184 138 0.76
184 143 0.92
184 144 0.8
184 149 0.93
184 151 0.82
184 155 0.91
184 179 0.56
184 180 0.28
184 183 0.89
184 205 0.42
184 210 0.86
185 69 0.08
185 77 0.25
185 80 0.03
185 91 0.25
185 92 0.19
185 137 0.96
185 140 0.61
185 150 0.21
185 155 0.38
185 160 0.83
185 164 0.48
185 165 0.05
185 167 0.45
185 171 0.75
185 173 0.56
185 174 0.18
185 175 0.62
185 177 0.7
185 187 0.06
185 190 0.86
186 23 0.9
186 77 0.9
186 80 0.85
186 133 0.77
186 137 0.61
186 150 0.17
186 160 0.32
186 162 0.43
186 167 0.71
186 171 0.39
186 172 0.48
186 173 0.31
186 174 0.68
186 175 0.12
186 185 0.47
186 187 0.2
186 188 0.49
186 192 0.75
187 72 0.02
187 77 0.22
187 80 0.13
187 150 0.37
187 167 0.87
187 172 0.71
187 173 0.52
187 175 0.22
187 186 0.85
187 188 0.65
187 192 0.48
188 163 0.14
188 167 0.87
188 175 0.38
188 187 0.19
189 39 0.24
189 96 0.28
189 116 0.32
189 117 0.79
189 119 0.34
189 124 0.78
189 170 0.01
189 195 0.53
190 47 0.39
190 68 0.36
190 124 0.33
190 155 0.25
190 165 1.0
190 177 0.04
190 205 0.73
191 17 0.16
191 70 0.58
191 84 0.29
191 88 0.91
191 124 0.93
191 141 0.47
191 142 0.16
191 155 0.15
191 163 0.76
192 70 0.51
192 77 0.07
192 79 0.0
192 80 0.21
192 125 0.73
192 133 0.6
192 143 0.99
192 144 0.54
192 164 0.71
192 173 0.83
192 175 0.95
192 180 0.97
192 183 0.7
192 184 0.15
192 187 0.84
192 201 0.14
192 205 0.17
193 26 0.94
193 37 0.37
193 53 0.1
193 77 0.96
193 80 0.91
193 90 0.51
193 114 0.16
193 142 0.96
193 184 0.53
194 30 0.66
194 34 0.36
194 106 0.83
195 11 0.63
195 18 0.04
195 23 0.68
195 31 0.14
195 48 0.92
195 72 0.45
195 97 0.71
195 116 0.81
195 132 0.23
195 178 0.8
196 1 0.05
196 52 0.27
196 101 0.26
196 197 0.09
197 16 0.51
197 23 0.24
197 53 0.42
197 68 0.66
197 71 0.3
197 87 0.98
197 88 0.11
197 126 0.67
197 131 0.57
197 155 0.52
197 178 0.58
197 183 0.65
197 191 0.79
197 196 0.16
198 65 0.81
198 70 0.63
198 133 0.98
198 156 0.82
198 201 0.34
198 204 0.94
198 206 0.93
199 136 0.27
199 154 0.32
199 156 0.72
199 201 0.2
199 204 0.54
199 206 0.78
199 207 0.41
200 26 0.39
200 35 0.13
200 50 0.74
200 119 0.01
200 130 0.95
200 193 0.52
201 65 0.21
201 70 0.46
201 80 0.69
201 84 0.34
201 133 0.03
201 134 0.13
201 137 0.5
201 150 0.95
201 156 0.55
201 157 0.77
201 163 0.18
201 167 0.66
201 173 0.79
201 175 0.5
201 187 0.62
201 188 0.54
201 192 0.8
201 198 0.14
201 204 0.14
201 206 0.12
202 86 0.67
202 97 0.21
202 109 0.54
202 110 0.59
202 111 0.96
202 120 0.98
202 128 0.28
202 129 0.45
202 203 0.82
203 86 0.49
203 99 0.65
203 109 0.52
203 110 0.28
203 111 0.13
203 120 0.55
203 128 0.3
203 129 0.48
203 202 0.98
204 106 0.5
204 156 0.29
204 198 0.16
204 199 0.37
204 201 0.45
205 40 0.74
205 61 0.97
205 124 0.78
205 138 0.3
205 143 0.41
205 144 0.29
205 179 0.54
205 180 0.1
205 183 0.03
205 184 0.9
205 190 0.44
206 65 0.35
206 133 0.87
206 156 0.46
206 198 0.11
206 201 0.05
206 204 0.61
207 68 0.58
207 96 0.36
207 107 0.25
207 124 0.23
207 129 0.08
207 138 0.19
207 139 0.99
207 145 0.07
207 155 0.02
207 186 0.21
207 199 0.53
207 200 0.87
208 43 0.86
208 63 0.68
208 64 0.2
208 70 0.71
208 84 0.79
208 120 0.64
208 143 0.41
208 148 0.74
208 149 0.58
208 155 0.66
208 177 0.36
208 212 0.77
209 12 0.06
209 69 0.04
209 70 0.9
209 86 0.99
209 110 0.26
209 111 0.56
209 118 0.02
209 120 0.88
209 128 0.73
209 202 0.35
209 203 0.93
209 213 0.59
210 40 0.6
210 64 0.89
210 138 0.01
210 143 0.6
210 144 0.8
210 149 0.72
210 179 0.62
210 180 0.35
210 183 0.61
210 184 0.99
211 40 0.54
211 51 0.04
211 60 0.02
211 61 0.32
211 69 0.72
211 97 0.85
211 130 0.09
211 168 0.64
212 63 0.02
212 70 0.66
212 120 0.51
212 134 0.75
212 148 0.38
212 149 0.3
212 155 0.05
212 192 0.3
212 208 0.63
213 14 0.11
213 111 0.39
213 128 0.59
213 129 0.37
213 132 0.22
213 136 0.13
213 202 0.07
213 203 0.71
