0 1 0.98
1 0 0.25
0 2 0.87
2 0 0.87
0 3 0.76
3 0 0.26
0 4 0.99
4 0 0.55
0 8 0.54
8 0 0.08
0 10 0.96
10 0 0.12
0 28 0.69
28 0 0.43
0 51 0.54
51 0 0.0
0 52 0.43
52 0 0.74
0 73 0.54
73 0 0.1
0 76 0.44
76 0 0.76
0 77 0.26
77 0 0.16
0 85 0.51
85 0 0.01
2 4 0.95
4 2 0.68
2 5 0.11
5 2 0.11
2 6 0.32
6 2 0.16
2 10 0.7
10 2 0.05
2 11 0.43
11 2 0.8
2 15 0.41
15 2 0.95
2 16 0.67
16 2 0.05
2 24 0.68
24 2 0.73
2 33 0.2
33 2 0.95
2 35 0.2
35 2 0.27
2 43 0.79
43 2 0.7
2 45 0.74
45 2 0.97
2 47 0.66
47 2 0.51
2 48 0.32
48 2 0.95
2 54 0.24
54 2 0.86
2 55 0.2
55 2 0.52
2 57 0.62
57 2 0.84
2 58 0.56
58 2 0.13
2 64 0.4
64 2 0.22
2 66 0.43
66 2 0.11
2 69 0.82
69 2 0.29
2 70 0.06
70 2 0.66
2 71 0.85
71 2 0.87
2 72 0.62
72 2 0.92
2 84 0.66
84 2 0.59
2 85 0.38
85 2 0.14
2 90 0.13
90 2 0.47
2 91 0.3
91 2 0.5
2 93 0.46
93 2 0.74
2 94 0.74
94 2 0.72
3 4 0.94
4 3 0.08
3 5 0.4
5 3 0.22
3 6 0.33
6 3 0.65
3 7 0.12
7 3 0.52
3 9 0.47
9 3 0.61
3 13 0.22
13 3 0.46
3 16 0.4
16 3 0.23
3 17 0.09
17 3 0.11
3 19 0.43
19 3 0.97
3 21 0.6
21 3 0.14
3 23 0.12
23 3 0.42
3 25 0.02
25 3 0.15
3 27 0.79
27 3 0.59
3 30 0.38
30 3 0.42
3 33 0.11
33 3 0.05
3 35 0.13
35 3 0.95
3 42 0.67
42 3 0.85
3 50 0.74
50 3 0.48
3 64 0.01
64 3 0.43
3 75 0.71
75 3 0.27
3 82 0.71
82 3 0.78
4 5 0.53
5 4 0.75
4 6 0.82
6 4 0.96
4 7 0.58
7 4 0.95
4 8 0.91
8 4 0.2
4 9 0.78
9 4 0.35
4 12 0.54
12 4 0.03
4 13 0.79
13 4 0.08
4 14 0.97
14 4 0.56
4 15 0.7
15 4 0.93
4 19 0.55
19 4 0.67
4 20 0.54
20 4 0.1
4 22 0.42
22 4 0.11
4 30 0.63
30 4 0.61
4 32 0.47
32 4 0.08
4 34 0.37
34 4 0.72
4 36 0.51
36 4 0.35
4 54 0.09
54 4 0.5
4 56 0.28
56 4 0.67
4 57 0.44
57 4 0.11
4 60 0.73
60 4 0.59
4 77 0.66
77 4 0.04
4 80 0.01
80 4 0.26
4 84 0.88
84 4 0.34
4 86 0.76
86 4 0.1
4 87 0.96
87 4 0.37
4 89 0.75
89 4 0.87
4 99 0.42
99 4 0.98
5 10 0.4
10 5 0.63
5 11 0.37
11 5 0.19
5 14 0.4
14 5 0.24
5 24 0.47
24 5 0.23
5 27 0.84
27 5 0.08
5 29 0.35
29 5 0.06
5 30 0.78
30 5 0.62
5 36 0.14
36 5 0.38
5 39 0.77
39 5 0.97
5 45 0.94
45 5 0.41
5 53 0.61
53 5 0.79
5 66 0.24
66 5 0.17
5 70 0.91
70 5 0.93
5 71 0.8
71 5 0.33
5 74 0.27
74 5 0.21
5 88 0.77
88 5 0.35
6 7 0.84
7 6 0.07
6 9 0.76
9 6 0.64
6 40 0.87
40 6 0.67
6 63 0.27
63 6 0.16
6 94 0.27
94 6 0.25
7 8 0.58
8 7 0.01
7 11 0.95
11 7 0.27
7 26 0.98
26 7 0.99
7 59 0.23
59 7 0.64
7 92 0.7
92 7 0.74
7 96 0.55
96 7 0.68
8 17 0.23
17 8 0.09
8 18 0.68
18 8 0.86
8 21 0.75
21 8 1.0
8 23 0.82
23 8 0.64
8 24 0.25
24 8 0.08
8 27 0.13
27 8 0.75
8 31 0.03
31 8 0.76
8 34 0.64
34 8 0.8
8 40 0.36
40 8 0.81
8 41 0.13
41 8 0.21
8 43 0.26
43 8 0.54
8 51 0.65
51 8 0.64
8 57 0.54
57 8 0.84
8 61 0.33
61 8 0.74
8 68 0.94
68 8 0.16
8 83 0.05
83 8 0.14
8 93 0.07
93 8 0.86
8 95 0.67
95 8 0.31
9 12 0.78
12 9 0.86
9 14 0.38
14 9 0.56
9 16 0.82
16 9 0.57
9 32 0.41
32 9 0.72
9 38 0.98
38 9 0.91
9 39 0.93
39 9 0.7
9 47 0.75
47 9 0.41
9 69 0.92
69 9 0.76
10 15 0.53
15 10 0.58
10 46 0.42
46 10 0.22
10 56 0.05
56 10 0.46
11 12 0.72
12 11 0.49
11 17 0.59
17 11 0.71
11 25 0.17
25 11 0.49
11 26 0.12
26 11 0.43
11 28 0.78
28 11 0.89
11 35 0.28
35 11 0.19
11 50 0.3
50 11 0.07
11 53 0.52
53 11 0.97
11 55 0.74
55 11 0.71
11 62 0.04
62 11 0.38
11 64 0.2
64 11 0.61
11 67 0.29
67 11 0.23
11 69 0.28
69 11 0.97
11 72 0.91
72 11 0.9
11 85 0.28
85 11 0.64
11 90 0.34
90 11 0.42
11 96 0.6
96 11 0.77
12 13 0.25
13 12 0.95
12 18 0.47
18 12 0.57
12 19 0.26
19 12 0.66
12 20 0.36
20 12 0.51
12 22 0.5
22 12 0.38
12 25 0.39
25 12 0.19
12 29 0.59
29 12 0.03
12 31 0.14
31 12 0.13
12 34 0.51
34 12 0.73
12 46 0.96
46 12 0.46
12 51 0.44
51 12 0.47
12 53 0.28
53 12 0.76
12 70 0.57
70 12 0.88
12 71 0.29
71 12 0.36
12 72 0.91
72 12 0.18
12 74 0.7
74 12 0.94
12 75 0.74
75 12 0.28
12 87 0.81
87 12 0.84
12 97 0.24
97 12 0.72
13 79 0.42
79 13 0.99
14 67 0.45
67 14 0.03
14 73 0.45
73 14 0.93
14 87 0.93
87 14 0.79
15 23 0.28
23 15 0.35
15 42 0.46
42 15 0.06
16 18 0.73
18 16 0.77
16 21 0.76
21 16 0.49
16 22 0.67
22 16 0.76
16 37 0.9
37 16 0.47
16 68 0.26
68 16 0.16
16 82 0.73
82 16 0.59
17 20 0.99
20 17 0.85
17 37 0.04
37 17 0.12
17 44 0.7
44 17 0.79
17 58 0.54
58 17 0.49
17 61 0.86
61 17 0.99
17 86 0.48
86 17 0.68
17 91 0.97
91 17 0.41
17 98 0.38
98 17 0.0
18 55 0.37
55 18 0.22
19 48 0.63
48 19 0.47
19 56 0.55
56 19 0.24
19 61 0.1
61 19 0.76
19 68 0.11
68 19 0.02
19 81 0.47
81 19 0.97
20 28 0.52
28 20 0.23
20 31 0.13
31 20 0.8
20 36 0.27
36 20 0.89
20 77 0.78
77 20 0.9
20 78 0.87
78 20 0.74
20 83 0.56
83 20 0.41
20 99 0.67
99 20 0.36
22 29 0.52
29 22 0.22
22 40 0.87
40 22 0.27
22 41 0.45
41 22 0.37
22 42 0.33
42 22 0.79
23 41 0.03
41 23 0.56
23 58 0.13
58 23 0.97
23 65 0.36
65 23 0.88
24 26 0.92
26 24 0.41
24 32 0.65
32 24 0.46
24 65 0.03
65 24 0.14
25 39 0.04
39 25 0.58
25 82 0.72
82 25 0.52
26 43 0.1
43 26 0.45
26 44 0.35
44 26 0.51
26 49 0.68
49 26 0.04
27 44 0.12
44 27 0.37
27 73 0.52
73 27 0.73
27 88 0.37
88 27 0.17
28 37 0.92
37 28 0.75
28 49 0.09
49 28 0.46
28 60 0.04
60 28 0.13
29 63 0.12
63 29 0.61
30 33 0.19
33 30 0.92
31 38 0.43
38 31 0.01
32 88 0.47
88 32 0.31
32 95 0.56
95 32 0.15
33 60 0.37
60 33 0.02
33 65 0.12
65 33 0.68
33 78 0.7
78 33 0.97
33 98 0.47
98 33 0.78
34 63 0.47
63 34 0.89
34 84 0.77
84 34 0.24
34 92 0.58
92 34 0.95
35 48 0.54
48 35 0.97
35 99 0.16
99 35 0.23
36 46 0.18
46 36 0.88
37 38 0.19
38 37 0.79
37 47 0.75
47 37 0.36
37 86 0.48
86 37 0.86
37 97 0.14
97 37 0.48
38 62 0.61
62 38 0.09
38 74 0.61
74 38 0.3
38 76 0.64
76 38 0.77
38 78 0.37
78 38 0.75
38 81 0.12
81 38 0.93
39 59 0.82
59 39 0.62
39 75 0.99
75 39 0.75
39 96 0.77
96 39 0.1
42 45 0.28
45 42 0.24
43 52 0.5
52 43 0.56
43 79 0.19
79 43 0.72
43 81 0.06
81 43 0.7
45 92 0.98
92 45 0.31
46 50 0.6
50 46 0.02
46 54 0.65
54 46 0.87
46 59 0.4
59 46 0.88
47 52 0.68
52 47 0.3
48 49 0.79
49 48 0.53
48 62 0.84
62 48 0.72
48 66 0.96
66 48 0.24
48 90 0.44
90 48 0.03
49 79 0.35
79 49 0.62
56 76 0.67
76 56 0.11
56 80 0.17
80 56 0.6
63 80 0.1
80 63 0.14
64 89 0.61
89 64 0.92
65 67 0.14
67 65 0.39
65 83 0.34
83 65 0.22
66 93 0.3
93 66 0.22
68 95 0.78
95 68 0.49
78 91 0.45
91 78 0.31
79 94 0.24
94 79 0.4
80 89 0.38
89 80 0.19
82 98 0.18
98 82 0.7
86 97 0.65
97 86 0.32
