0 1 0.14
1 0 0.9
0 2 0.08
2 0 0.45
0 3 0.89
3 0 0.46
0 4 0.81
4 0 0.92
0 6 0.16
6 0 0.5
0 7 0.8
7 0 0.22
0 9 0.39
9 0 0.84
0 10 0.61
10 0 0.13
0 11 0.12
11 0 0.17
0 14 0.53
14 0 0.04
0 16 0.54
16 0 0.34
0 20 0.39
20 0 0.48
0 25 0.31
25 0 0.55
0 27 0.57
27 0 0.56
0 30 1.0
30 0 0.87
0 33 0.62
33 0 0.63
0 45 0.16
45 0 0.78
0 68 0.19
68 0 0.59
0 71 0.83
71 0 0.53
0 76 0.38
76 0 0.07
0 81 0.5
81 0 0.22
0 89 0.53
89 0 0.46
0 95 0.69
95 0 0.41
0 96 0.35
96 0 0.21
0 123 0.74
123 0 0.1
0 133 0.94
133 0 0.58
0 139 0.81
139 0 0.53
0 144 0.38
144 0 0.81
0 147 0.33
147 0 0.8
0 153 0.77
153 0 0.11
0 162 0.01
162 0 0.31
0 174 0.89
174 0 0.18
0 195 0.83
195 0 0.83
0 213 0.21
213 0 0.3
0 222 0.91
222 0 0.41
0 229 0.5
229 0 0.47
0 247 0.42
247 0 0.59
0 251 0.54
251 0 0.55
0 256 0.83
256 0 0.81
0 263 0.42
263 0 0.83
0 270 0.39
270 0 0.07
0 286 0.13
286 0 0.53
0 300 0.08
300 0 0.61
0 316 0.38
316 0 0.51
0 328 0.35
328 0 0.01
0 340 0.34
340 0 0.25
0 364 0.49
364 0 0.07
0 416 0.25
416 0 0.82
0 448 0.24
448 0 0.11
0 455 0.44
455 0 0.83
0 457 0.1
457 0 0.03
0 512 0.73
512 0 0.08
0 515 0.15
515 0 0.27
0 542 0.28
542 0 0.53
0 547 0.57
547 0 0.02
0 555 0.25
555 0 0.86
0 566 0.37
566 0 0.84
0 698 0.06
698 0 0.66
0 713 0.51
713 0 0.86
0 714 0.28
714 0 0.95
0 775 1.0
775 0 0.64
0 781 0.85
781 0 0.24
0 789 0.35
789 0 0.22
0 829 0.12
829 0 0.74
0 837 0.41
837 0 0.54
0 867 0.93
867 0 0.78
0 943 0.78
943 0 0.17
0 950 0.56
950 0 0.22
1 3 0.65
3 1 0.27
1 10 0.35
10 1 0.75
1 18 0.1
18 1 0.42
1 21 0.63
21 1 0.29
1 23 0.4
23 1 0.53
1 27 0.52
27 1 0.44
1 32 0.74
32 1 0.48
1 35 0.35
35 1 0.62
1 40 0.22
40 1 0.66
1 44 0.17
44 1 0.84
1 47 0.18
47 1 1.0
1 53 0.58
53 1 0.91
1 62 0.9
62 1 0.67
1 64 0.9
64 1 0.66
1 77 0.78
77 1 0.51
1 93 0.97
93 1 0.59
1 107 0.47
107 1 0.7
1 116 0.62
116 1 0.8
1 121 0.58
121 1 0.23
1 129 0.1
129 1 0.6
1 147 0.86
147 1 0.22
1 168 0.48
168 1 0.15
1 191 0.98
191 1 0.42
1 192 0.94
192 1 0.98
1 194 0.85
194 1 0.54
1 199 0.92
199 1 0.42
1 204 0.18
204 1 0.24
1 224 0.09
224 1 0.44
1 231 0.46
231 1 0.48
1 247 0.19
247 1 0.09
1 289 0.39
289 1 0.46
1 320 0.65
320 1 0.78
1 321 0.74
321 1 0.8
1 332 0.09
332 1 0.34
1 346 0.48
346 1 0.22
1 368 0.26
368 1 0.45
1 377 0.3
377 1 0.84
1 408 0.2
408 1 0.79
1 496 0.02
496 1 0.51
1 557 0.66
557 1 0.63
1 595 0.92
595 1 0.08
1 602 0.41
602 1 0.3
1 630 0.56
630 1 0.15
1 656 0.52
656 1 0.83
1 704 0.8
704 1 0.17
1 707 0.4
707 1 0.29
1 764 0.39
764 1 0.68
1 842 0.42
842 1 0.88
1 853 0.2
853 1 0.46
1 907 0.51
907 1 0.23
1 912 0.57
912 1 0.37
1 938 0.42
938 1 0.49
1 995 0.29
995 1 0.28
2 5 0.52
5 2 0.38
2 524 0.71
524 2 0.78
2 968 0.2
968 2 0.53
3 4 0.51
4 3 0.32
3 6 0.24
6 3 0.46
3 12 0.82
12 3 0.65
3 16 0.34
16 3 0.39
3 18 0.24
18 3 0.36
3 24 0.1
24 3 0.89
3 50 0.71
50 3 0.67
3 52 0.91
52 3 0.17
3 78 0.86
78 3 0.84
3 82 0.19
82 3 0.8
3 111 0.19
111 3 0.75
3 116 0.08
116 3 0.44
3 118 0.56
118 3 0.03
3 124 0.07
124 3 0.02
3 136 0.17
136 3 0.22
3 200 0.24
200 3 0.17
3 203 0.27
203 3 0.4
3 210 0.45
210 3 0.05
3 236 0.2
236 3 0.92
3 242 0.49
242 3 0.25
3 249 0.22
249 3 0.83
3 292 0.21
292 3 0.64
3 350 0.27
350 3 0.39
3 363 0.57
363 3 0.03
3 372 0.95
372 3 0.73
3 375 0.68
375 3 0.0
3 426 0.03
426 3 0.14
3 464 0.29
464 3 0.42
3 489 0.77
489 3 0.4
3 490 0.45
490 3 0.8
3 674 0.34
674 3 0.55
3 685 0.3
685 3 0.96
3 691 0.67
691 3 0.42
3 743 0.06
743 3 0.39
3 752 0.16
752 3 0.07
3 869 0.44
869 3 0.8
3 902 0.74
902 3 0.72
4 5 0.86
5 4 0.48
4 8 0.61
8 4 0.19
4 9 0.58
9 4 0.26
4 12 0.94
12 4 0.12
4 24 0.32
24 4 0.13
4 30 0.58
30 4 0.59
4 77 0.66
77 4 0.32
4 86 0.8
86 4 0.39
4 101 0.89
101 4 0.23
4 115 0.63
115 4 0.52
4 145 0.87
145 4 0.62
4 160 0.34
160 4 0.29
4 165 0.57
165 4 0.6
4 192 0.29
192 4 0.96
4 217 0.51
217 4 0.81
4 234 0.69
234 4 0.82
4 244 0.69
244 4 0.97
4 260 0.34
260 4 0.31
4 279 0.47
279 4 0.66
4 296 0.05
296 4 0.13
4 354 0.18
354 4 0.15
4 368 0.53
368 4 0.25
4 395 0.9
395 4 0.73
4 404 0.55
404 4 0.93
4 522 0.74
522 4 0.37
4 570 0.58
570 4 0.18
4 574 0.09
574 4 0.84
4 591 0.75
591 4 0.64
4 623 0.85
623 4 0.75
4 660 0.8
660 4 0.88
4 675 0.58
675 4 0.89
4 730 0.55
730 4 0.24
4 784 0.23
784 4 0.18
4 892 0.72
892 4 0.96
4 894 0.02
894 4 0.5
4 913 0.59
913 4 0.55
4 957 0.2
957 4 0.3
5 742 0.45
742 5 0.33
6 7 0.49
7 6 0.82
6 25 0.34
25 6 0.95
6 49 0.25
49 6 0.53
6 54 0.03
54 6 0.64
6 55 0.49
55 6 0.64
6 69 0.5
69 6 0.65
6 90 0.85
90 6 0.55
6 95 0.06
95 6 0.11
6 97 0.1
97 6 0.03
6 98 0.86
98 6 0.84
6 122 0.59
122 6 0.85
6 133 0.88
133 6 0.16
6 143 0.04
143 6 0.55
6 146 0.45
146 6 0.76
6 199 0.03
199 6 0.09
6 201 0.21
201 6 0.43
6 220 0.22
220 6 0.16
6 225 0.04
225 6 0.19
6 254 0.05
254 6 0.76
6 313 0.55
313 6 0.72
6 316 0.2
316 6 0.93
6 403 0.24
403 6 0.16
6 411 0.96
411 6 0.49
6 419 0.91
419 6 0.25
6 437 0.06
437 6 0.54
6 446 0.09
446 6 0.96
6 469 0.88
469 6 0.27
6 502 0.48
502 6 0.68
6 593 0.92
593 6 0.77
6 725 0.09
725 6 0.89
6 732 0.51
732 6 0.8
6 802 0.3
802 6 0.99
6 820 0.59
820 6 0.79
6 845 0.43
845 6 0.99
6 865 0.34
865 6 0.32
7 8 0.92
8 7 0.24
7 11 0.28
11 7 0.15
7 41 0.0
41 7 0.63
7 57 0.71
57 7 0.43
7 82 0.52
82 7 0.17
7 102 0.39
102 7 0.4
7 110 0.72
110 7 0.4
7 152 0.87
152 7 0.37
7 226 0.35
226 7 0.55
7 413 0.17
413 7 0.49
7 810 0.69
810 7 0.73
8 15 0.54
15 8 0.21
8 17 0.93
17 8 0.74
8 21 0.86
21 8 0.74
8 47 0.08
47 8 0.52
8 56 0.09
56 8 0.47
8 67 0.52
67 8 0.68
8 72 0.19
72 8 0.39
8 121 0.87
121 8 0.5
8 150 0.87
150 8 0.08
8 190 0.15
190 8 0.46
8 196 0.68
196 8 0.26
8 208 0.58
208 8 0.97
8 215 0.46
215 8 0.22
8 271 0.09
271 8 0.9
8 290 0.76
290 8 0.3
8 325 0.24
325 8 0.38
8 347 0.08
347 8 0.84
8 450 0.93
450 8 0.59
8 477 0.85
477 8 0.76
8 573 0.06
573 8 0.17
8 609 0.97
609 8 0.81
8 690 0.52
690 8 0.94
8 935 0.24
935 8 0.85
8 964 0.64
964 8 0.31
9 13 0.15
13 9 0.94
9 22 0.06
22 9 0.92
9 112 0.33
112 9 0.75
9 158 0.71
158 9 0.74
9 166 0.67
166 9 0.07
9 189 0.09
189 9 0.46
9 233 0.91
233 9 0.25
9 383 0.27
383 9 0.4
9 398 0.7
398 9 0.97
9 408 0.08
408 9 0.52
9 443 0.8
443 9 0.25
9 476 0.84
476 9 0.75
9 479 0.15
479 9 0.83
9 530 0.86
530 9 0.6
9 608 0.67
608 9 0.82
9 652 0.3
652 9 0.63
9 703 0.38
703 9 0.44
9 832 0.68
832 9 0.67
9 962 0.6
962 9 0.44
10 36 0.01
36 10 0.73
10 75 0.94
75 10 0.47
10 412 0.69
412 10 0.35
10 417 0.73
417 10 0.76
10 447 0.3
447 10 0.73
10 809 1.0
809 10 0.75
11 14 0.24
14 11 0.45
11 26 0.35
26 11 0.58
11 48 0.61
48 11 0.41
11 78 0.86
78 11 0.06
11 157 0.79
157 11 0.49
11 232 0.44
232 11 0.17
11 263 0.36
263 11 0.67
11 265 0.78
265 11 0.0
11 310 0.68
310 11 0.19
11 387 0.04
387 11 0.82
11 415 0.21
415 11 0.39
11 420 0.32
420 11 0.16
11 430 0.84
430 11 0.18
11 470 0.02
470 11 0.67
11 516 0.37
516 11 0.42
11 786 0.37
786 11 0.92
11 902 0.3
902 11 0.28
12 13 0.22
13 12 0.03
12 20 0.85
20 12 0.82
12 22 0.88
22 12 0.23
12 23 0.24
23 12 0.84
12 28 0.49
28 12 0.74
12 46 0.88
46 12 0.7
12 49 0.79
49 12 0.36
12 63 0.2
63 12 0.86
12 68 0.49
68 12 0.3
12 73 0.67
73 12 0.26
12 80 0.73
80 12 0.74
12 83 0.25
83 12 0.66
12 85 0.78
85 12 0.75
12 91 0.71
91 12 0.41
12 92 0.6
92 12 0.38
12 117 0.63
117 12 0.82
12 125 0.85
125 12 0.81
12 134 0.6
134 12 0.37
12 156 0.9
156 12 0.1
12 216 0.09
216 12 0.26
12 253 0.28
253 12 0.13
12 266 0.44
266 12 0.87
12 273 0.58
273 12 0.8
12 275 0.64
275 12 0.2
12 293 0.56
293 12 0.9
12 299 0.92
299 12 0.07
12 332 0.68
332 12 0.71
12 333 0.48
333 12 0.23
12 348 0.22
348 12 1.0
12 382 0.15
382 12 0.11
12 444 0.5
444 12 0.37
12 446 0.19
446 12 0.33
12 471 0.07
471 12 0.41
12 498 0.62
498 12 0.2
12 504 0.8
504 12 0.67
12 520 0.83
520 12 0.58
12 633 0.94
633 12 0.1
12 662 0.35
662 12 0.96
12 667 0.59
667 12 0.23
12 717 0.91
717 12 0.3
12 770 0.36
770 12 0.85
12 807 0.82
807 12 0.8
12 841 0.7
841 12 0.11
12 844 0.47
844 12 0.79
12 873 0.51
873 12 0.81
12 903 0.83
903 12 0.3
12 951 0.76
951 12 0.83
12 994 0.03
994 12 0.41
13 15 0.67
15 13 0.4
13 17 0.92
17 13 0.65
13 34 0.47
34 13 0.79
13 94 0.86
94 13 0.07
13 138 0.46
138 13 0.84
13 154 0.74
154 13 0.52
13 164 0.59
164 13 0.07
13 165 0.8
165 13 0.11
13 179 0.38
179 13 0.69
13 250 0.83
250 13 0.15
13 297 0.09
297 13 0.2
13 301 0.63
301 13 0.97
13 374 0.64
374 13 0.49
13 459 0.88
459 13 0.57
13 893 0.16
893 13 0.93
13 955 0.53
955 13 0.49
14 28 0.74
28 14 0.51
14 39 0.94
39 14 0.49
14 42 0.86
42 14 0.19
14 54 0.14
54 14 0.72
14 62 0.45
62 14 0.85
14 269 0.51
269 14 0.4
14 329 0.1
329 14 0.79
14 527 0.27
527 14 0.28
14 571 0.75
571 14 0.37
14 632 0.65
632 14 0.93
14 745 0.51
745 14 0.11
14 824 0.77
824 14 0.58
14 847 0.31
847 14 0.66
14 877 0.26
877 14 0.72
14 930 0.99
930 14 0.98
14 960 0.66
960 14 0.2
15 19 0.97
19 15 0.56
15 26 0.71
26 15 0.13
15 29 0.97
29 15 0.78
15 37 0.39
37 15 0.27
15 40 0.03
40 15 0.57
15 51 0.38
51 15 0.78
15 75 0.47
75 15 0.46
15 101 0.94
101 15 0.97
15 266 0.27
266 15 0.03
15 267 0.16
267 15 0.6
15 286 0.17
286 15 0.63
15 415 0.24
415 15 0.41
15 499 0.17
499 15 0.23
15 579 0.57
579 15 0.05
15 598 0.29
598 15 0.5
15 666 0.5
666 15 0.1
16 58 0.94
58 16 0.06
16 111 0.82
111 16 0.75
16 126 0.06
126 16 0.81
16 143 0.54
143 16 0.95
16 561 0.14
561 16 0.38
17 124 0.1
124 17 0.81
17 339 0.58
339 17 0.99
17 468 0.5
468 17 0.91
17 923 0.5
923 17 0.12
18 19 0.63
19 18 0.21
18 37 0.32
37 18 0.0
18 38 0.63
38 18 0.11
18 76 0.37
76 18 0.25
18 89 0.25
89 18 0.41
18 108 0.07
108 18 0.73
18 113 0.33
113 18 0.19
18 217 0.92
217 18 0.97
18 244 0.9
244 18 0.43
18 441 0.72
441 18 0.65
18 541 0.28
541 18 0.27
18 773 0.56
773 18 0.75
18 793 0.45
793 18 0.5
18 927 0.03
927 18 0.59
18 974 0.36
974 18 0.73
18 986 0.16
986 18 0.87
19 60 0.3
60 19 0.12
19 96 0.95
96 19 0.46
19 104 0.77
104 19 0.42
19 134 0.62
134 19 0.56
19 140 0.99
140 19 0.42
19 174 0.91
174 19 0.73
19 182 0.52
182 19 0.43
19 206 0.83
206 19 0.03
19 227 0.3
227 19 0.91
19 236 0.74
236 19 0.2
19 259 0.93
259 19 0.3
19 281 0.06
281 19 0.39
19 314 0.06
314 19 0.23
19 335 0.19
335 19 0.84
19 358 0.09
358 19 0.6
19 392 0.55
392 19 0.41
19 418 0.03
418 19 0.27
19 486 0.48
486 19 0.64
19 584 0.42
584 19 0.3
19 672 0.7
672 19 0.22
19 801 0.27
801 19 0.24
19 813 0.27
813 19 0.91
19 819 0.33
819 19 0.24
19 871 0.82
871 19 0.58
20 43 0.64
43 20 0.24
20 50 0.41
50 20 0.58
20 131 0.44
131 20 0.19
20 149 0.53
149 20 0.74
20 242 0.77
242 20 0.59
20 288 0.71
288 20 0.92
20 434 0.54
434 20 0.9
20 586 0.04
586 20 0.73
21 35 0.26
35 21 0.51
21 36 0.57
36 21 0.9
21 70 0.04
70 21 0.88
21 79 0.85
79 21 0.38
21 85 0.02
85 21 0.53
21 123 0.25
123 21 0.09
21 155 0.1
155 21 0.45
21 256 0.17
256 21 0.54
21 349 0.69
349 21 0.31
21 438 0.89
438 21 0.71
21 442 0.8
442 21 0.67
21 488 0.19
488 21 0.4
21 493 0.95
493 21 0.94
21 663 0.97
663 21 0.62
21 741 0.11
741 21 0.94
21 776 0.99
776 21 0.19
21 802 0.7
802 21 0.91
21 816 0.52
816 21 0.17
21 876 0.34
876 21 0.36
22 31 0.63
31 22 0.91
22 32 0.62
32 22 0.41
22 33 0.39
33 22 0.96
22 67 0.54
67 22 0.72
22 98 0.38
98 22 0.03
22 158 0.61
158 22 0.91
22 172 0.87
172 22 0.54
22 183 0.2
183 22 0.37
22 187 0.0
187 22 0.74
22 219 0.1
219 22 0.93
22 221 0.45
221 22 0.24
22 272 0.7
272 22 0.38
22 369 0.19
369 22 0.39
22 402 0.26
402 22 0.72
22 405 0.79
405 22 0.99
22 481 0.68
481 22 0.39
22 535 0.6
535 22 0.86
22 641 0.55
641 22 0.65
22 677 0.26
677 22 0.28
22 811 0.77
811 22 0.08
22 820 0.91
820 22 0.46
22 848 0.93
848 22 0.05
22 863 0.59
863 22 0.12
23 38 0.7
38 23 0.68
23 51 0.7
51 23 0.33
23 93 0.54
93 23 0.38
23 107 0.6
107 23 0.21
23 128 0.21
128 23 0.26
23 176 0.35
176 23 0.02
23 207 0.66
207 23 0.58
23 273 0.25
273 23 0.16
23 462 0.85
462 23 0.41
23 510 0.14
510 23 0.94
23 691 0.28
691 23 0.68
23 692 0.98
692 23 0.66
24 94 0.58
94 24 0.65
24 189 0.48
189 24 0.06
24 235 0.2
235 24 0.48
24 252 0.47
252 24 0.68
24 295 0.53
295 24 0.17
24 312 0.71
312 24 0.99
24 473 0.32
473 24 0.67
24 476 0.57
476 24 0.65
24 504 0.18
504 24 0.73
24 618 0.29
618 24 0.91
24 689 0.25
689 24 0.53
24 793 0.22
793 24 0.37
25 66 0.93
66 25 0.07
25 102 0.0
102 25 0.07
25 889 0.19
889 25 0.17
26 29 0.11
29 26 0.01
26 48 0.05
48 26 0.45
26 58 0.48
58 26 0.81
26 87 0.07
87 26 0.1
26 112 0.7
112 26 0.68
26 135 0.82
135 26 0.59
26 138 0.93
138 26 0.61
26 157 0.03
157 26 0.84
26 159 0.6
159 26 0.18
26 196 0.65
196 26 0.35
26 240 0.12
240 26 0.43
26 265 0.23
265 26 0.32
26 322 0.68
322 26 0.84
26 324 0.99
324 26 0.62
26 329 0.42
329 26 0.9
26 343 0.65
343 26 0.01
26 360 0.87
360 26 0.01
26 373 0.19
373 26 0.18
26 400 0.12
400 26 0.69
26 433 0.15
433 26 0.57
26 516 0.99
516 26 0.02
26 551 0.66
551 26 0.05
26 670 0.22
670 26 0.95
26 688 0.27
688 26 0.11
26 697 0.02
697 26 0.95
26 796 0.12
796 26 0.34
26 905 0.92
905 26 0.19
26 986 0.64
986 26 0.87
27 34 0.36
34 27 0.52
27 42 0.74
42 27 0.76
27 59 0.19
59 27 0.55
27 228 0.12
228 27 0.83
27 735 0.53
735 27 0.84
28 44 0.8
44 28 0.96
28 65 0.78
65 28 0.43
28 91 0.18
91 28 0.01
28 114 0.15
114 28 0.56
28 230 0.33
230 28 0.33
28 259 0.86
259 28 0.3
28 276 0.43
276 28 0.15
28 299 0.66
299 28 0.13
28 326 0.68
326 28 0.91
28 423 0.75
423 28 0.2
28 453 0.85
453 28 0.64
28 482 0.06
482 28 0.83
28 507 0.36
507 28 0.26
28 606 0.95
606 28 0.12
28 911 0.67
911 28 0.2
29 467 0.38
467 29 0.0
29 475 0.02
475 29 0.12
30 31 0.59
31 30 0.29
30 113 0.59
113 30 0.16
30 188 0.85
188 30 0.98
30 198 0.98
198 30 0.24
30 210 0.14
210 30 0.67
30 330 0.72
330 30 0.82
30 410 0.46
410 30 1.0
30 551 0.78
551 30 0.37
30 563 0.37
563 30 0.52
30 578 0.34
578 30 0.78
30 779 0.82
779 30 0.28
30 822 0.27
822 30 0.66
30 828 0.23
828 30 0.11
30 921 0.78
921 30 0.67
30 938 0.41
938 30 0.87
31 181 0.29
181 31 0.91
31 205 0.2
205 31 0.52
31 358 0.14
358 31 0.14
31 811 0.69
811 31 0.59
32 41 0.07
41 32 0.22
32 59 0.32
59 32 0.27
32 99 0.05
99 32 0.85
32 110 0.99
110 32 0.75
32 122 0.52
122 32 0.57
32 130 0.28
130 32 0.23
32 146 0.25
146 32 0.4
32 172 0.33
172 32 0.17
32 179 0.77
179 32 0.59
32 186 0.62
186 32 0.66
32 197 0.4
197 32 0.25
32 241 0.75
241 32 0.45
32 284 0.74
284 32 0.64
32 361 0.78
361 32 0.54
32 379 0.41
379 32 0.76
32 439 0.76
439 32 0.83
32 452 0.46
452 32 0.39
32 484 0.44
484 32 0.45
32 550 0.14
550 32 0.03
32 553 0.05
553 32 0.36
32 566 0.63
566 32 0.84
32 621 0.22
621 32 0.16
32 639 0.48
639 32 0.11
32 731 0.68
731 32 0.67
32 778 0.23
778 32 0.83
32 795 0.55
795 32 0.68
32 828 0.67
828 32 0.06
32 848 0.27
848 32 0.05
32 883 0.58
883 32 0.5
32 933 0.53
933 32 0.95
33 39 0.74
39 33 0.95
33 74 0.88
74 33 0.81
33 173 0.68
173 33 0.41
33 344 0.82
344 33 0.43
33 576 0.59
576 33 0.19
33 844 0.79
844 33 0.21
34 581 0.15
581 34 0.43
34 723 0.23
723 34 0.14
34 851 0.36
851 34 0.5
35 267 0.5
267 35 0.39
35 292 0.22
292 35 0.63
35 304 0.02
304 35 0.81
35 315 0.03
315 35 0.12
35 372 0.15
372 35 0.61
35 406 0.94
406 35 0.52
35 489 0.57
489 35 0.77
35 590 0.94
590 35 0.2
35 596 0.29
596 35 0.28
35 671 0.91
671 35 0.16
35 694 0.25
694 35 0.84
35 840 0.87
840 35 0.76
36 43 0.73
43 36 0.8
36 211 0.21
211 36 0.06
36 498 0.97
498 36 0.9
36 726 0.03
726 36 0.77
36 740 0.7
740 36 0.54
37 60 0.14
60 37 0.2
37 64 0.8
64 37 0.67
37 83 0.91
83 37 0.34
37 115 0.47
115 37 0.82
37 125 0.6
125 37 0.38
37 137 0.06
137 37 0.79
37 151 0.11
151 37 0.26
37 153 0.54
153 37 0.48
37 193 0.96
193 37 0.99
37 214 0.97
214 37 0.48
37 261 0.18
261 37 0.12
37 287 0.41
287 37 0.87
37 302 0.98
302 37 0.36
37 383 0.94
383 37 0.07
37 391 0.06
391 37 0.85
37 416 0.36
416 37 0.8
37 431 0.96
431 37 0.78
37 432 0.8
432 37 0.14
37 445 0.77
445 37 0.04
37 456 0.54
456 37 0.51
37 474 0.55
474 37 0.78
37 479 0.93
479 37 0.02
37 492 0.81
492 37 0.7
37 514 0.35
514 37 0.53
37 585 0.35
585 37 0.76
37 623 0.99
623 37 0.54
37 747 0.33
747 37 0.82
37 862 0.57
862 37 0.48
37 880 0.54
880 37 0.48
37 886 0.48
886 37 0.26
37 893 0.85
893 37 0.33
38 56 0.47
56 38 0.76
38 61 0.73
61 38 0.48
38 92 0.27
92 38 0.45
38 117 0.39
117 38 0.12
38 167 0.05
167 38 0.87
38 262 0.47
262 38 0.76
38 291 0.06
291 38 0.87
38 580 0.65
580 38 0.59
38 692 0.09
692 38 0.09
38 763 0.31
763 38 0.98
38 815 0.78
815 38 0.64
38 860 0.07
860 38 0.03
38 982 0.78
982 38 0.9
39 46 0.52
46 39 0.55
39 144 0.4
144 39 0.87
39 180 0.93
180 39 0.85
39 216 0.05
216 39 0.52
39 246 0.09
246 39 0.03
39 269 0.23
269 39 0.68
39 342 0.42
342 39 0.81
39 363 0.97
363 39 0.98
39 388 0.45
388 39 0.91
39 404 0.85
404 39 0.23
39 525 0.39
525 39 0.75
39 622 0.03
622 39 0.45
39 626 0.72
626 39 0.65
39 661 0.11
661 39 0.03
39 665 0.59
665 39 0.1
39 718 0.12
718 39 0.61
39 788 0.9
788 39 1.0
40 70 0.52
70 40 0.34
40 84 0.35
84 40 0.98
40 109 0.57
109 40 0.86
40 140 0.81
140 40 0.14
40 161 0.95
161 40 0.59
40 209 0.54
209 40 0.38
40 274 0.0
274 40 0.69
40 315 0.59
315 40 0.04
40 371 0.16
371 40 0.24
40 375 0.32
375 40 0.14
40 390 0.75
390 40 0.75
40 439 0.75
439 40 0.06
40 474 0.03
474 40 0.72
40 513 0.92
513 40 0.72
40 540 0.76
540 40 0.13
40 552 0.76
552 40 0.92
40 625 0.38
625 40 0.22
40 680 0.41
680 40 0.23
40 753 0.4
753 40 0.07
40 834 0.95
834 40 0.68
40 917 0.47
917 40 0.73
40 984 0.03
984 40 0.2
41 57 0.05
57 41 0.07
41 97 0.53
97 41 0.4
41 240 0.58
240 41 0.14
41 540 0.78
540 41 0.15
41 590 0.76
590 41 0.66
41 601 0.87
601 41 0.37
42 105 0.26
105 42 0.25
42 120 0.83
120 42 0.22
42 126 0.67
126 42 0.27
42 907 0.78
907 42 0.81
42 914 0.94
914 42 0.64
43 53 0.98
53 43 0.52
43 166 0.38
166 43 0.23
43 485 0.68
485 43 0.94
43 503 0.39
503 43 0.95
43 611 0.87
611 43 0.84
43 715 0.32
715 43 0.97
43 895 0.53
895 43 0.56
44 45 0.51
45 44 0.72
44 55 0.84
55 44 0.11
44 88 0.16
88 44 0.28
44 100 0.03
100 44 0.81
44 104 0.88
104 44 0.66
44 218 0.79
218 44 0.88
44 264 0.75
264 44 0.59
44 323 0.59
323 44 0.24
44 336 0.03
336 44 0.71
44 641 0.46
641 44 0.18
44 756 0.42
756 44 0.32
44 922 0.5
922 44 0.08
45 63 0.55
63 45 0.93
45 80 0.99
80 45 0.48
45 163 0.74
163 45 0.24
45 277 0.56
277 45 0.39
45 305 0.15
305 45 0.4
45 523 0.32
523 45 0.78
45 788 0.81
788 45 0.2
45 838 0.28
838 45 0.62
45 909 0.26
909 45 0.59
46 298 0.01
298 46 0.39
46 552 0.12
552 46 0.6
46 556 0.18
556 46 0.04
46 609 0.58
609 46 0.41
47 52 0.95
52 47 0.34
47 66 0.3
66 47 0.6
47 69 0.29
69 47 0.61
47 159 0.32
159 47 0.64
47 226 0.15
226 47 0.09
47 283 0.86
283 47 0.07
47 421 0.82
421 47 0.89
47 562 0.72
562 47 0.18
47 739 0.37
739 47 0.15
47 771 0.66
771 47 0.42
47 781 0.78
781 47 0.38
47 868 0.66
868 47 0.34
47 912 0.65
912 47 0.52
47 964 0.11
964 47 0.14
48 61 0.01
61 48 0.25
48 289 0.48
289 48 0.42
48 309 0.29
309 48 0.79
48 336 0.22
336 48 0.67
48 621 0.86
621 48 0.63
48 680 0.01
680 48 0.88
48 709 0.93
709 48 0.63
48 751 0.37
751 48 0.96
49 79 0.93
79 49 0.87
49 150 0.15
150 49 0.02
49 345 0.08
345 49 0.73
50 180 0.09
180 50 0.39
50 314 0.85
314 50 0.05
50 426 0.7
426 50 0.91
50 983 0.43
983 50 0.33
51 65 0.02
65 51 0.63
51 118 0.2
118 51 0.41
51 355 0.62
355 51 0.16
51 555 0.89
555 51 0.61
51 655 0.34
655 51 0.15
51 724 0.2
724 51 0.13
51 789 0.64
789 51 0.16
52 130 0.56
130 52 0.38
52 139 0.58
139 52 0.41
52 183 0.11
183 52 0.38
52 695 0.7
695 52 0.72
53 127 0.36
127 53 0.54
53 198 0.63
198 53 0.86
54 106 0.52
106 54 0.09
54 326 0.48
326 54 0.96
54 556 0.0
556 54 0.68
54 589 0.5
589 54 0.66
54 592 0.65
592 54 0.48
54 616 0.34
616 54 0.91
54 642 0.05
642 54 0.62
54 645 0.19
645 54 0.27
55 72 0.63
72 55 0.55
55 74 0.38
74 55 0.11
55 167 0.63
167 55 0.13
55 356 0.52
356 55 0.6
55 393 0.84
393 55 0.48
55 436 0.7
436 55 0.3
55 491 0.36
491 55 0.73
55 532 0.13
532 55 0.1
55 557 0.15
557 55 0.54
55 567 0.05
567 55 0.16
55 888 0.29
888 55 0.04
56 81 0.04
81 56 0.48
56 364 0.17
364 56 0.95
56 760 0.33
760 56 0.28
57 73 0.54
73 57 0.28
57 145 0.92
145 57 0.28
57 191 1.0
191 57 0.62
57 352 0.59
352 57 0.92
57 669 0.41
669 57 0.22
57 817 0.98
817 57 0.52
58 151 0.72
151 58 0.35
58 424 0.13
424 58 0.06
58 601 0.11
601 58 0.52
59 249 0.57
249 59 0.19
59 271 0.77
271 59 0.53
59 293 0.87
293 59 0.05
59 346 0.13
346 59 0.01
59 401 0.48
401 59 0.94
59 429 0.75
429 59 0.73
59 539 0.89
539 59 0.89
59 567 0.7
567 59 0.72
59 647 0.44
647 59 0.22
59 659 0.33
659 59 0.34
59 738 0.6
738 59 0.06
59 760 0.94
760 59 0.51
61 478 0.23
478 61 0.52
61 967 0.38
967 61 0.66
63 173 0.81
173 63 0.53
63 423 0.78
423 63 0.55
64 787 0.91
787 64 0.43
65 71 0.4
71 65 0.91
65 87 0.99
87 65 0.88
65 131 0.24
131 65 0.3
65 308 0.63
308 65 0.02
65 571 0.66
571 65 0.73
66 742 0.54
742 66 0.06
67 86 0.97
86 67 0.43
67 90 0.83
90 67 0.11
67 132 0.66
132 67 0.47
67 161 0.47
161 67 0.25
67 213 0.71
213 67 0.82
67 270 0.37
270 67 0.98
67 283 0.4
283 67 0.08
67 313 0.72
313 67 0.04
67 369 0.28
369 67 0.36
67 381 0.46
381 67 0.47
67 436 0.9
436 67 0.14
67 460 0.84
460 67 0.94
67 770 0.15
770 67 0.56
68 245 0.94
245 68 0.42
68 576 0.12
576 68 0.95
68 855 0.83
855 68 0.64
69 103 0.05
103 69 0.56
69 132 0.7
132 69 0.88
69 330 0.3
330 69 0.81
69 365 0.41
365 69 0.26
69 392 0.6
392 69 0.84
69 440 0.65
440 69 0.62
69 694 0.58
694 69 0.3
69 875 0.37
875 69 0.49
70 496 0.08
496 70 0.16
70 677 0.79
677 70 0.89
70 721 0.6
721 70 0.64
71 422 0.93
422 71 0.95
71 427 0.16
427 71 0.59
71 457 0.82
457 71 0.42
71 535 0.83
535 71 0.81
71 826 0.63
826 71 0.24
71 861 0.82
861 71 0.94
72 549 0.81
549 72 0.2
73 177 0.64
177 73 0.89
73 220 0.18
220 73 0.68
73 356 0.82
356 73 0.12
73 410 0.72
410 73 0.74
73 438 0.65
438 73 0.84
73 627 0.33
627 73 0.24
73 649 0.66
649 73 0.02
73 650 0.39
650 73 0.68
74 114 0.87
114 74 0.36
74 940 0.33
940 74 0.05
74 975 0.88
975 74 0.04
75 120 0.46
120 75 0.46
75 163 0.17
163 75 0.93
75 723 0.78
723 75 0.14
75 748 0.74
748 75 0.79
76 290 0.5
290 76 0.76
76 379 0.56
379 76 0.2
76 607 0.1
607 76 0.56
77 109 0.56
109 77 0.68
77 129 0.88
129 77 0.44
77 219 0.35
219 77 0.24
77 442 0.78
442 77 0.87
77 591 0.83
591 77 0.74
77 616 0.26
616 77 0.49
77 791 0.36
791 77 0.96
77 841 0.47
841 77 0.26
77 959 0.01
959 77 0.28
78 204 0.21
204 78 0.13
78 377 0.96
377 78 0.05
78 386 0.29
386 78 0.1
78 644 0.86
644 78 0.58
78 647 0.98
647 78 0.07
78 867 0.85
867 78 0.4
79 148 0.2
148 79 0.49
79 279 0.82
279 79 0.45
79 302 0.75
302 79 0.67
79 304 0.85
304 79 0.34
79 715 0.72
715 79 0.64
80 312 0.28
312 80 0.76
80 620 0.87
620 80 0.89
80 675 0.95
675 80 0.59
80 842 0.65
842 80 0.35
80 945 0.63
945 80 0.06
81 84 0.62
84 81 0.43
81 88 0.65
88 81 0.82
81 185 0.61
185 81 0.52
81 208 0.64
208 81 0.57
81 317 0.22
317 81 0.59
81 334 0.6
334 81 0.17
81 399 0.05
399 81 0.25
81 461 0.47
461 81 0.49
81 493 0.33
493 81 0.53
81 560 0.98
560 81 0.79
81 588 1.0
588 81 0.7
81 684 0.21
684 81 0.53
81 830 0.05
830 81 0.63
81 858 0.39
858 81 0.65
81 910 0.76
910 81 0.45
81 920 0.78
920 81 0.47
81 989 0.95
989 81 0.4
82 202 0.72
202 82 0.47
82 469 0.28
469 82 0.76
82 885 0.83
885 82 0.28
83 137 0.35
137 83 0.11
83 169 0.84
169 83 0.87
83 178 0.14
178 83 0.7
83 288 0.93
288 83 0.59
83 360 0.69
360 83 0.7
83 545 0.42
545 83 0.47
83 668 0.95
668 83 0.4
83 882 0.13
882 83 0.33
83 911 0.77
911 83 0.52
83 936 0.95
936 83 0.89
83 981 0.41
981 83 0.77
84 164 0.4
164 84 0.45
85 103 0.22
103 85 0.53
85 105 0.26
105 85 0.05
85 171 0.01
171 85 0.08
85 282 0.78
282 85 0.79
85 480 0.85
480 85 0.65
85 554 0.46
554 85 0.21
85 698 0.18
698 85 0.4
85 741 0.89
741 85 0.44
86 154 0.87
154 86 0.54
86 487 0.95
487 86 0.86
86 620 0.85
620 86 0.23
86 631 0.34
631 86 0.73
86 657 0.94
657 86 0.12
86 687 0.25
687 86 0.36
86 710 0.61
710 86 0.58
86 750 0.83
750 86 0.67
87 100 0.03
100 87 0.17
87 206 0.88
206 87 0.22
88 238 0.76
238 88 0.56
88 812 0.6
812 88 0.13
88 945 0.98
945 88 0.54
88 985 0.39
985 88 0.75
88 996 0.08
996 88 0.7
90 406 0.9
406 90 0.89
90 637 0.65
637 90 0.54
90 701 0.16
701 90 0.96
90 968 0.22
968 90 0.98
92 128 0.84
128 92 0.95
92 185 0.25
185 92 0.39
92 285 0.06
285 92 0.21
92 295 0.24
295 92 0.05
92 922 0.83
922 92 0.26
92 972 0.31
972 92 0.29
93 99 0.3
99 93 0.48
93 142 0.23
142 93 0.82
93 222 0.11
222 93 0.46
93 237 0.59
237 93 0.86
93 355 0.06
355 93 0.01
93 366 0.75
366 93 0.57
93 570 0.46
570 93 0.47
93 645 0.89
645 93 0.2
93 683 0.75
683 93 0.22
93 690 0.96
690 93 0.22
93 729 0.14
729 93 0.21
94 119 0.78
119 94 0.1
94 127 0.67
127 94 0.33
94 136 0.51
136 94 0.3
94 141 0.9
141 94 0.5
94 193 0.38
193 94 0.81
94 253 0.02
253 94 0.64
94 294 0.65
294 94 0.49
94 347 0.61
347 94 0.62
94 394 0.08
394 94 0.32
94 449 0.69
449 94 0.67
94 523 0.86
523 94 0.97
94 538 0.82
538 94 0.47
94 849 0.16
849 94 0.42
94 959 0.76
959 94 0.64
94 970 0.22
970 94 0.16
95 106 0.29
106 95 0.76
95 119 0.9
119 95 0.65
95 170 0.37
170 95 0.99
95 177 1.0
177 95 0.29
95 186 0.26
186 95 0.39
95 190 0.3
190 95 0.11
95 277 0.31
277 95 0.92
95 306 0.75
306 95 0.05
95 373 0.13
373 95 0.3
95 430 0.71
430 95 0.21
95 481 0.06
481 95 0.0
95 515 0.79
515 95 0.66
95 687 0.34
687 95 0.07
95 736 0.01
736 95 0.37
95 766 0.4
766 95 0.36
95 868 0.66
868 95 0.06
95 892 0.18
892 95 0.88
95 950 0.21
950 95 0.29
95 951 0.78
951 95 0.05
95 953 0.78
953 95 0.14
96 323 0.73
323 96 0.82
96 766 0.25
766 96 0.53
96 914 0.31
914 96 0.19
96 944 0.47
944 96 0.18
97 327 0.66
327 97 0.57
97 335 0.33
335 97 0.19
97 491 0.58
491 97 0.54
97 503 0.45
503 97 0.0
98 141 0.23
141 98 0.48
98 171 0.25
171 98 0.83
98 228 0.95
228 98 0.04
98 246 0.02
246 98 0.68
98 624 0.51
624 98 0.53
98 693 0.59
693 98 0.06
98 773 0.67
773 98 0.06
98 875 0.36
875 98 0.89
98 904 0.48
904 98 0.71
98 966 0.99
966 98 0.06
99 170 0.71
170 99 0.65
99 737 0.23
737 99 0.99
99 887 0.97
887 99 0.08
100 168 0.12
168 100 0.68
100 212 0.3
212 100 0.54
101 262 0.39
262 101 0.03
103 956 0.19
956 103 0.66
104 212 0.56
212 104 0.36
104 264 0.56
264 104 0.79
104 568 0.39
568 104 0.79
104 704 0.63
704 104 0.99
104 794 0.41
794 104 0.31
104 865 0.69
865 104 0.69
105 108 0.78
108 105 0.85
105 916 0.3
916 105 0.66
106 232 0.77
232 106 0.39
106 397 0.3
397 106 0.85
106 449 0.44
449 106 0.86
106 486 0.1
486 106 0.3
106 655 0.08
655 106 0.27
106 980 0.45
980 106 0.09
108 148 0.75
148 108 0.87
108 215 0.06
215 108 0.86
108 287 0.01
287 108 0.53
108 331 0.48
331 108 0.66
108 386 0.57
386 108 0.38
108 407 0.3
407 108 0.98
108 435 0.35
435 108 0.17
108 613 0.9
613 108 0.91
108 791 0.74
791 108 0.14
108 804 0.04
804 108 0.2
108 806 0.17
806 108 0.15
109 149 0.87
149 109 0.82
109 205 0.51
205 109 0.37
109 536 0.49
536 109 0.65
109 613 0.35
613 109 0.92
110 182 0.27
182 110 0.14
110 607 0.53
607 110 0.71
110 767 0.71
767 110 0.7
112 337 0.22
337 112 0.16
112 711 0.37
711 112 0.86
114 207 0.41
207 114 0.31
114 227 0.87
227 114 0.36
114 333 0.9
333 114 0.85
114 508 0.1
508 114 0.8
114 670 0.51
670 114 0.24
115 181 0.65
181 115 0.23
115 239 0.64
239 115 0.93
115 319 0.13
319 115 0.39
115 387 0.11
387 115 0.28
115 451 0.3
451 115 0.14
115 497 0.4
497 115 0.87
115 705 0.74
705 115 0.05
115 769 0.63
769 115 0.6
115 870 0.33
870 115 0.46
116 218 0.41
218 116 0.46
116 389 0.37
389 116 0.27
116 630 0.75
630 116 0.37
116 649 0.83
649 116 0.63
116 749 0.83
749 116 0.91
118 162 0.95
162 118 0.74
118 327 0.86
327 118 0.53
118 459 0.55
459 118 0.17
119 169 0.42
169 119 0.39
119 225 0.48
225 119 0.18
119 303 0.9
303 119 0.27
119 338 0.58
338 119 0.94
119 448 0.73
448 119 0.8
119 686 0.24
686 119 0.41
119 699 0.69
699 119 0.11
119 835 0.81
835 119 0.4
119 977 0.3
977 119 0.5
119 999 0.21
999 119 0.32
120 184 0.42
184 120 0.55
120 318 0.73
318 120 0.26
120 827 0.63
827 120 0.68
120 884 0.87
884 120 0.56
120 933 0.02
933 120 0.73
121 176 0.56
176 121 0.54
121 344 0.04
344 121 0.08
121 371 0.96
371 121 0.65
121 394 0.28
394 121 0.97
121 528 0.11
528 121 0.73
121 583 0.98
583 121 0.22
121 659 0.52
659 121 0.76
121 803 0.11
803 121 0.33
121 972 0.6
972 121 0.18
122 142 0.48
142 122 0.08
122 160 0.12
160 122 0.48
122 311 0.42
311 122 0.38
122 422 0.92
422 122 0.33
122 482 0.67
482 122 0.75
122 495 0.6
495 122 0.65
122 518 0.57
518 122 0.03
122 713 0.38
713 122 0.88
122 808 0.61
808 122 0.64
123 152 0.27
152 123 0.41
123 211 0.36
211 123 0.25
123 224 0.33
224 123 0.87
123 349 0.68
349 123 0.03
123 351 0.08
351 123 0.41
123 399 0.83
399 123 0.55
123 533 0.9
533 123 0.41
123 614 0.95
614 123 0.55
123 634 0.38
634 123 0.79
123 797 0.68
797 123 0.87
124 465 0.71
465 124 0.78
126 285 0.75
285 126 0.74
126 297 0.45
297 126 0.26
126 510 0.05
510 126 0.51
127 254 0.65
254 127 0.71
127 348 0.61
348 127 0.57
127 357 0.4
357 127 0.52
127 544 0.49
544 127 0.49
127 732 0.79
732 127 0.21
127 947 0.52
947 127 0.8
129 320 0.73
320 129 0.56
129 464 0.55
464 129 0.75
129 689 0.26
689 129 0.46
129 702 0.24
702 129 0.04
129 734 0.01
734 129 0.05
131 203 0.57
203 131 0.75
131 261 0.52
261 131 0.53
131 739 0.46
739 131 0.3
131 819 0.58
819 131 0.05
131 878 0.82
878 131 0.55
132 155 0.96
155 132 0.77
132 194 0.25
194 132 0.3
132 681 0.07
681 132 0.6
132 809 0.48
809 132 0.35
133 135 0.72
135 133 0.54
133 874 0.38
874 133 0.25
134 296 0.37
296 134 0.64
135 537 0.67
537 135 0.9
135 901 0.75
901 135 0.75
135 942 0.6
942 135 0.8
137 188 0.21
188 137 0.53
137 405 0.13
405 137 0.68
137 709 0.68
709 137 0.32
137 735 0.9
735 137 0.05
137 761 0.15
761 137 0.46
138 248 0.19
248 138 0.43
138 963 0.82
963 138 0.34
140 201 0.49
201 140 0.61
140 258 0.79
258 140 0.61
140 322 0.2
322 140 0.11
141 231 0.23
231 141 0.02
141 268 0.06
268 141 0.45
141 298 0.79
298 141 0.2
141 307 0.81
307 141 0.01
141 337 0.19
337 141 0.88
141 385 0.68
385 141 0.19
141 413 0.01
413 141 0.48
141 443 0.46
443 141 0.26
141 528 0.83
528 141 0.81
141 622 0.86
622 141 0.61
141 646 0.62
646 141 0.46
141 913 0.85
913 141 0.77
141 954 0.35
954 141 0.35
142 175 0.64
175 142 0.77
143 990 0.28
990 143 0.48
144 612 0.47
612 144 0.31
144 926 0.62
926 144 0.57
145 421 0.54
421 145 0.38
145 702 0.54
702 145 0.69
147 582 0.76
582 147 0.55
148 708 0.26
708 148 0.47
149 278 0.33
278 149 0.49
149 595 0.49
595 149 0.82
150 234 0.99
234 150 0.18
150 282 0.16
282 150 0.35
150 915 0.84
915 150 0.08
151 370 0.48
370 151 0.86
151 599 0.06
599 151 0.96
151 646 0.51
646 151 0.34
152 156 0.37
156 152 0.11
152 175 0.23
175 152 0.23
152 350 0.28
350 152 0.6
153 656 0.72
656 153 0.98
153 775 0.31
775 153 0.88
154 187 0.12
187 154 0.85
154 537 0.54
537 154 0.1
156 432 0.69
432 156 0.41
156 467 0.99
467 156 0.82
157 284 0.54
284 157 0.59
157 499 0.38
499 157 0.69
157 596 0.3
596 157 0.7
157 597 0.77
597 157 0.33
157 854 0.37
854 157 0.26
158 569 0.54
569 158 0.91
159 365 0.15
365 159 0.4
159 414 0.36
414 159 0.73
159 465 0.34
465 159 0.72
159 549 0.43
549 159 0.96
159 563 0.5
563 159 0.64
159 577 0.5
577 159 0.52
159 894 0.79
894 159 0.48
159 904 0.05
904 159 0.81
159 993 0.85
993 159 0.25
160 241 0.16
241 160 0.51
160 401 0.09
401 160 0.26
160 407 0.01
407 160 0.33
160 558 0.17
558 160 0.58
160 900 0.3
900 160 0.8
161 830 0.52
830 161 0.77
161 861 0.18
861 161 0.67
162 252 0.61
252 162 0.84
162 276 0.14
276 162 0.36
162 321 0.34
321 162 0.13
162 352 0.66
352 162 0.78
162 529 0.84
529 162 0.11
162 562 0.8
562 162 0.02
162 626 0.22
626 162 0.33
162 798 0.1
798 162 0.1
162 898 0.6
898 162 0.26
162 999 0.77
999 162 0.87
164 500 0.43
500 164 0.07
165 202 0.95
202 165 0.74
165 260 0.0
260 165 0.66
165 425 0.6
425 165 0.84
165 726 0.52
726 165 0.28
165 780 0.76
780 165 0.28
165 916 0.22
916 165 0.41
165 953 0.13
953 165 0.65
166 305 0.97
305 166 0.93
166 852 0.8
852 166 0.33
167 209 0.45
209 167 0.31
167 257 0.43
257 167 0.2
167 584 0.73
584 167 0.22
167 597 0.31
597 167 0.36
167 764 0.41
764 167 0.8
168 255 0.01
255 168 0.44
168 681 0.97
681 168 0.75
168 823 0.7
823 168 0.95
169 780 0.44
780 169 0.23
171 341 0.65
341 171 0.19
171 428 0.61
428 171 0.34
171 706 0.94
706 171 0.64
172 184 0.91
184 172 0.99
172 547 0.66
547 172 0.28
172 559 0.49
559 172 0.63
172 720 0.91
720 172 0.12
172 890 0.38
890 172 0.48
173 251 0.02
251 173 0.25
173 638 0.23
638 173 0.33
175 178 0.33
178 175 0.85
175 223 0.83
223 175 0.07
175 328 0.88
328 175 0.31
175 366 0.15
366 175 0.58
175 441 0.78
441 175 0.09
175 650 0.66
650 175 0.74
176 233 0.7
233 176 0.42
176 237 0.83
237 176 0.73
177 245 0.45
245 177 0.83
177 255 0.86
255 177 0.25
177 608 0.08
608 177 0.54
177 924 0.64
924 177 0.68
178 658 0.1
658 178 0.99
178 864 0.94
864 178 0.26
179 899 0.74
899 179 0.15
179 932 0.23
932 179 0.26
180 195 0.57
195 180 0.17
180 200 0.01
200 180 0.14
181 396 0.62
396 181 0.64
182 243 0.91
243 182 0.73
182 306 0.34
306 182 0.75
182 308 0.31
308 182 0.75
182 391 0.21
391 182 0.91
182 393 0.82
393 182 0.72
182 492 0.95
492 182 0.77
182 666 0.72
666 182 0.17
182 995 0.53
995 182 0.9
184 378 0.81
378 184 0.73
184 395 0.84
395 184 0.75
184 531 0.8
531 184 0.27
185 280 0.74
280 185 0.2
185 678 0.28
678 185 0.53
187 197 0.77
197 187 0.51
187 257 0.5
257 187 0.87
188 307 0.04
307 188 0.75
188 309 0.92
309 188 0.28
188 532 0.39
532 188 0.49
188 575 0.32
575 188 0.26
188 684 0.34
684 188 0.87
188 695 0.39
695 188 0.08
188 754 0.48
754 188 0.41
188 833 0.57
833 188 0.62
188 923 0.79
923 188 0.37
190 221 0.07
221 190 0.0
190 484 0.34
484 190 0.97
190 749 0.73
749 190 0.64
190 962 0.35
962 190 0.09
191 248 0.78
248 191 0.69
191 685 0.15
685 191 0.53
195 378 0.39
378 195 0.44
195 483 0.24
483 195 0.45
195 511 0.39
511 195 0.84
195 580 0.2
580 195 0.15
195 676 0.14
676 195 0.13
195 696 0.53
696 195 0.03
195 808 0.21
808 195 0.59
197 409 0.44
409 197 0.84
197 454 0.53
454 197 0.8
197 534 0.7
534 197 0.44
197 598 0.84
598 197 0.68
197 606 0.03
606 197 0.13
197 746 0.05
746 197 0.22
197 783 0.04
783 197 0.97
200 235 0.51
235 200 0.96
200 662 0.15
662 200 0.8
201 229 0.13
229 201 0.09
201 411 0.74
411 201 0.56
201 614 0.27
614 201 0.42
201 643 0.77
643 201 0.11
201 762 0.97
762 201 0.55
201 765 0.7
765 201 0.22
201 918 0.27
918 201 0.74
201 954 0.69
954 201 0.35
202 427 0.08
427 202 0.22
203 414 0.74
414 203 0.51
203 611 0.22
611 203 0.01
204 359 0.31
359 204 0.74
204 768 0.32
768 204 0.8
205 558 0.26
558 205 0.43
205 664 0.66
664 205 0.91
206 686 0.67
686 206 0.09
206 688 0.26
688 206 0.21
207 398 0.69
398 207 0.37
207 757 0.22
757 207 0.29
208 268 0.59
268 208 0.12
209 997 0.95
997 209 0.02
210 548 0.36
548 210 0.03
210 648 0.82
648 210 0.57
210 660 0.07
660 210 0.64
211 214 0.23
214 211 0.7
211 230 0.9
230 211 0.86
211 310 0.82
310 211 0.41
211 506 0.73
506 211 0.74
211 538 0.09
538 211 0.29
211 539 0.67
539 211 0.71
211 792 0.32
792 211 0.64
211 879 0.15
879 211 0.2
214 223 0.31
223 214 0.6
214 403 0.77
403 214 0.96
214 722 0.57
722 214 0.94
214 846 0.01
846 214 0.58
215 239 0.33
239 215 0.45
216 624 0.94
624 216 0.4
217 274 0.04
274 217 0.35
217 362 0.93
362 217 0.5
217 472 0.29
472 217 0.53
218 428 0.48
428 218 0.53
218 501 0.39
501 218 0.75
219 250 0.55
250 219 0.71
219 631 0.88
631 219 0.69
219 754 0.07
754 219 0.72
219 769 0.32
769 219 0.87
220 839 0.15
839 220 0.44
221 400 0.21
400 221 0.44
221 697 0.09
697 221 0.06
223 869 0.86
869 223 0.87
224 238 0.04
238 224 0.58
224 342 0.41
342 224 0.12
225 700 0.74
700 225 1.0
226 918 0.82
918 226 0.62
227 359 0.18
359 227 1.0
227 928 0.05
928 227 0.44
229 384 0.23
384 229 0.2
229 470 0.39
470 229 0.49
232 303 0.29
303 232 0.02
232 353 0.94
353 232 0.97
232 463 0.12
463 232 0.19
232 508 0.7
508 232 0.17
232 512 0.07
512 232 0.74
232 589 0.23
589 232 0.97
232 763 0.76
763 232 0.33
233 243 0.69
243 233 0.25
233 468 0.59
468 233 0.22
233 605 0.6
605 233 0.02
233 615 0.2
615 233 0.23
233 668 0.16
668 233 0.59
234 300 0.08
300 234 0.69
234 319 0.07
319 234 0.91
234 418 0.56
418 234 0.56
234 721 0.31
721 234 0.71
235 797 0.96
797 235 0.78
236 280 0.17
280 236 0.06
236 311 0.37
311 236 0.49
236 412 0.89
412 236 0.93
236 501 0.52
501 236 0.09
236 603 0.02
603 236 0.32
237 258 0.92
258 237 1.0
237 453 0.48
453 237 0.59
237 587 0.97
587 237 0.77
240 473 0.58
473 240 0.76
240 480 0.11
480 240 0.18
240 505 0.92
505 240 0.43
240 525 0.8
525 240 0.1
240 637 0.48
637 240 0.25
240 665 0.42
665 240 0.22
240 814 0.64
814 240 0.24
240 890 0.76
890 240 0.41
241 490 0.88
490 241 0.75
242 906 0.26
906 242 0.8
243 487 0.58
487 243 0.1
243 488 0.44
488 243 0.7
243 602 0.03
602 243 0.79
244 340 0.3
340 244 0.47
244 521 0.03
521 244 0.22
245 619 0.06
619 245 0.27
245 682 0.1
682 245 0.42
246 367 0.76
367 246 0.83
247 462 0.07
462 247 0.46
247 593 0.16
593 247 0.23
247 787 0.16
787 247 0.13
247 801 0.15
801 247 0.18
248 716 0.71
716 248 0.54
250 291 0.75
291 250 1.0
250 324 0.27
324 250 0.2
250 640 0.59
640 250 0.52
250 887 0.52
887 250 0.74
251 661 0.02
661 251 0.36
252 341 0.05
341 252 0.11
252 367 0.1
367 252 0.79
252 857 0.49
857 252 0.14
252 930 0.8
930 252 0.43
253 278 0.81
278 253 0.65
253 374 0.01
374 253 0.85
253 458 0.57
458 253 0.81
253 495 0.33
495 253 0.89
253 522 0.32
522 253 0.63
257 784 0.38
784 257 0.87
257 795 0.75
795 257 0.79
257 970 0.78
970 257 0.87
260 736 0.13
736 260 0.21
260 790 0.68
790 260 0.79
263 610 0.19
610 263 0.27
264 396 0.48
396 264 0.03
264 636 0.96
636 264 0.17
264 818 0.42
818 264 0.75
264 935 0.21
935 264 0.98
267 543 0.54
543 267 0.86
268 275 0.94
275 268 0.55
268 483 0.91
483 268 0.42
268 885 0.27
885 268 0.88
269 909 0.92
909 269 0.47
270 317 0.22
317 270 0.82
270 345 0.55
345 270 0.4
271 272 0.43
272 271 0.32
271 353 0.96
353 271 0.46
271 362 0.05
362 271 0.29
271 518 0.1
518 271 0.31
271 714 0.73
714 271 0.71
271 944 0.79
944 271 0.06
273 402 0.13
402 273 0.89
273 743 0.63
743 273 0.26
273 969 0.97
969 273 0.8
275 294 0.25
294 275 0.9
275 318 0.63
318 275 0.57
275 717 0.66
717 275 0.19
275 782 0.18
782 275 0.16
275 870 0.91
870 275 0.19
275 984 0.46
984 275 0.69
276 513 0.88
513 276 0.87
277 334 0.14
334 277 0.79
277 565 0.53
565 277 0.08
278 281 0.52
281 278 0.88
278 381 0.47
381 278 0.02
278 703 0.11
703 278 0.13
278 834 0.61
834 278 0.18
279 575 0.07
575 279 0.96
281 357 0.25
357 281 0.73
281 534 0.2
534 281 0.3
281 977 0.72
977 281 0.41
283 397 0.77
397 283 0.31
283 673 0.69
673 283 0.02
284 388 0.88
388 284 0.65
284 456 0.82
456 284 0.39
284 506 0.38
506 284 0.34
284 521 0.25
521 284 0.48
284 544 0.18
544 284 0.01
284 550 0.14
550 284 0.18
284 823 0.22
823 284 0.72
285 524 0.27
524 285 0.07
285 671 0.77
671 285 0.52
285 711 0.39
711 285 0.45
286 485 0.74
485 286 0.71
286 514 0.91
514 286 0.18
286 804 0.93
804 286 0.7
287 331 0.89
331 287 0.81
287 825 0.6
825 287 0.19
288 497 0.21
497 288 0.79
289 568 0.95
568 289 0.99
289 653 0.64
653 289 0.16
289 719 0.75
719 289 0.0
290 634 0.13
634 290 0.38
291 425 0.78
425 291 0.27
291 897 0.9
897 291 0.56
294 301 0.59
301 294 0.88
294 574 0.11
574 294 0.01
294 679 0.77
679 294 0.13
294 855 0.79
855 294 0.97
294 991 0.4
991 294 0.11
295 380 0.67
380 295 0.57
296 370 0.48
370 296 0.95
296 435 0.08
435 296 0.12
296 450 0.2
450 296 0.71
296 652 0.96
652 296 0.69
296 682 0.05
682 296 0.24
296 813 0.42
813 296 0.61
296 843 0.68
843 296 0.89
297 853 0.91
853 297 0.08
298 643 0.72
643 298 0.71
300 774 0.74
774 300 0.81
301 778 0.61
778 301 0.72
304 376 0.84
376 304 0.11
304 385 0.96
385 304 0.09
304 700 0.47
700 304 0.34
305 338 0.64
338 305 0.73
305 657 0.25
657 305 0.51
305 772 0.29
772 305 0.65
306 619 0.28
619 306 0.1
307 755 0.1
755 307 0.99
308 380 0.45
380 308 0.14
309 517 0.05
517 309 0.36
310 653 0.07
653 310 0.25
310 783 0.9
783 310 0.49
311 419 0.99
419 311 0.55
313 888 0.92
888 313 0.94
313 942 0.9
942 313 0.32
314 325 0.8
325 314 0.08
314 908 0.56
908 314 0.95
315 569 0.29
569 315 0.65
316 990 0.89
990 316 0.5
317 417 0.49
417 317 0.26
317 420 0.05
420 317 0.2
317 728 0.75
728 317 0.9
318 785 0.64
785 318 0.81
322 339 0.45
339 322 0.92
322 354 0.07
354 322 0.71
322 494 0.12
494 322 0.03
322 536 0.15
536 322 0.4
322 561 0.08
561 322 0.05
322 733 0.0
733 322 0.02
322 756 0.19
756 322 0.39
322 862 0.39
862 322 0.54
327 527 0.89
527 327 1.0
327 751 0.48
751 327 0.64
328 500 0.59
500 328 0.04
328 858 0.08
858 328 0.75
329 530 0.09
530 329 0.73
331 444 0.14
444 331 0.65
331 877 0.36
877 331 0.42
331 898 0.02
898 331 0.34
332 903 0.91
903 332 0.92
333 376 0.1
376 333 0.66
333 382 0.89
382 333 0.87
335 752 0.46
752 335 0.38
336 343 0.1
343 336 0.98
336 792 0.01
792 336 0.9
336 886 0.64
886 336 0.68
338 520 0.07
520 338 0.55
339 351 0.29
351 339 0.21
341 431 0.44
431 341 0.35
341 564 0.64
564 341 0.01
341 635 0.29
635 341 0.84
341 638 0.27
638 341 0.1
341 879 0.23
879 341 0.03
342 505 0.63
505 342 0.88
342 882 0.36
882 342 0.95
343 564 0.31
564 343 0.72
343 707 0.18
707 343 0.11
344 471 0.17
471 344 0.84
344 519 0.16
519 344 0.93
344 663 0.21
663 344 0.06
345 361 0.14
361 345 0.08
345 424 0.89
424 345 0.23
345 440 0.09
440 345 0.62
345 507 1.0
507 345 0.6
345 699 0.67
699 345 0.04
345 706 0.61
706 345 0.93
345 712 0.34
712 345 0.54
345 761 0.39
761 345 0.66
345 850 0.54
850 345 0.48
345 896 0.79
896 345 0.4
345 915 0.77
915 345 0.6
345 920 0.57
920 345 0.45
345 924 0.08
924 345 0.59
346 472 0.43
472 346 0.12
347 458 0.74
458 347 0.65
347 605 0.97
605 347 0.33
349 559 0.7
559 349 0.54
349 604 0.36
604 349 0.42
349 651 0.94
651 349 0.89
350 610 0.43
610 350 0.89
351 827 0.93
827 351 0.86
353 578 0.97
578 353 0.52
355 433 0.86
433 355 0.38
359 755 0.71
755 359 0.85
359 859 0.69
859 359 0.26
361 384 0.67
384 361 0.08
361 454 0.79
454 361 0.31
361 753 0.32
753 361 0.42
361 850 0.17
850 361 0.84
363 455 0.96
455 363 0.75
365 389 0.79
389 365 0.14
365 883 0.81
883 365 0.73
366 445 0.34
445 366 0.53
366 617 0.28
617 366 0.26
366 777 0.51
777 366 0.01
366 794 0.72
794 366 0.52
367 517 0.06
517 367 0.22
367 625 0.68
625 367 0.48
367 817 0.45
817 367 0.86
367 906 0.03
906 367 0.01
367 934 0.92
934 367 0.9
367 992 0.06
992 367 0.13
368 390 0.15
390 368 0.66
370 583 0.26
583 370 0.22
374 718 0.96
718 374 0.74
377 409 0.67
409 377 0.36
377 429 0.75
429 377 0.33
377 460 0.05
460 377 0.93
380 971 0.62
971 380 0.74
382 519 0.15
519 382 0.96
382 615 0.85
615 382 0.21
385 434 0.89
434 385 0.41
385 629 0.32
629 385 0.23
385 771 0.55
771 385 0.75
387 509 0.82
509 387 0.35
387 833 0.66
833 387 0.1
389 651 0.29
651 389 0.69
389 843 0.73
843 389 0.7
392 919 0.5
919 392 0.68
393 463 0.55
463 393 0.54
393 477 0.23
477 393 0.36
393 678 0.02
678 393 0.43
395 847 0.16
847 395 0.42
398 526 0.7
526 398 0.29
398 774 0.7
774 398 0.72
398 937 0.23
937 398 0.67
399 494 0.04
494 399 0.74
400 799 0.49
799 400 0.17
401 957 0.48
957 401 0.22
405 452 0.39
452 405 0.47
405 572 0.91
572 405 0.1
405 577 0.96
577 405 0.39
405 767 0.04
767 405 0.15
405 849 0.04
849 405 0.49
405 874 0.44
874 405 0.45
408 511 0.01
511 408 0.29
409 872 0.12
872 409 0.46
410 461 0.5
461 410 0.35
412 592 0.35
592 412 0.67
413 447 0.32
447 413 0.35
414 581 0.61
581 414 0.85
417 529 0.84
529 417 0.29
417 600 0.89
600 417 0.93
417 829 0.97
829 417 0.58
417 896 0.67
896 417 0.57
420 542 0.41
542 420 0.79
421 466 0.84
466 421 0.06
421 812 0.66
812 421 0.05
421 815 0.44
815 421 0.79
421 949 0.62
949 421 0.72
422 437 0.09
437 422 0.44
423 541 0.51
541 423 0.88
423 636 0.26
636 423 0.12
423 676 0.01
676 423 0.01
423 961 0.3
961 423 0.5
426 451 0.03
451 426 0.31
426 956 0.62
956 426 0.73
428 884 0.41
884 428 0.12
430 594 0.27
594 430 0.81
431 654 0.12
654 431 0.95
433 628 0.1
628 433 0.84
434 800 0.77
800 434 0.2
435 588 0.64
588 435 0.28
437 502 0.2
502 437 0.11
438 545 0.42
545 438 0.66
439 633 0.78
633 439 0.57
441 475 0.48
475 441 0.26
441 744 0.23
744 441 0.54
445 639 0.81
639 445 0.6
446 816 0.88
816 446 0.85
447 582 0.08
582 447 0.78
447 629 0.6
629 447 0.81
448 587 0.91
587 448 0.5
449 905 0.68
905 449 0.35
451 705 0.7
705 451 0.11
453 546 0.4
546 453 0.44
453 941 0.81
941 453 0.65
454 466 0.54
466 454 0.97
454 796 0.59
796 454 0.35
455 600 0.28
600 455 0.09
455 772 0.54
772 455 0.19
456 851 0.06
851 456 0.1
459 921 0.87
921 459 0.1
460 642 0.34
642 460 0.51
461 565 0.4
565 461 0.45
462 586 0.05
586 462 0.31
463 526 0.91
526 463 0.54
463 594 0.43
594 463 0.96
464 546 0.8
546 464 0.7
464 628 0.37
628 464 0.54
464 891 0.71
891 464 0.12
464 937 0.38
937 464 0.34
466 949 0.78
949 466 0.76
467 745 0.03
745 467 0.98
470 854 0.98
854 470 0.53
471 478 0.42
478 471 0.45
474 617 0.66
617 474 0.98
474 800 0.24
800 474 0.56
475 731 0.44
731 475 0.38
475 947 0.05
947 475 0.49
479 782 0.18
782 479 0.62
480 635 0.18
635 480 0.43
480 730 0.82
730 480 0.58
480 966 0.25
966 480 0.76
482 579 0.44
579 482 0.02
484 987 0.7
987 484 0.06
485 840 0.85
840 485 0.55
487 509 0.17
509 487 0.99
487 644 0.17
644 487 0.95
488 572 0.87
572 488 0.81
488 585 0.12
585 488 0.39
488 748 0.19
748 488 0.92
489 640 0.79
640 489 0.92
489 724 0.8
724 489 0.18
489 757 0.11
757 489 0.34
489 838 0.52
838 489 0.41
489 917 0.25
917 489 0.08
489 996 0.94
996 489 0.74
492 533 0.42
533 492 0.08
492 543 0.97
543 492 0.06
492 948 0.72
948 492 0.09
493 710 0.27
710 493 0.49
493 719 0.84
719 493 0.41
493 967 0.38
967 493 0.23
494 669 0.95
669 494 0.13
494 693 0.99
693 494 0.07
495 531 0.49
531 495 0.15
497 674 0.78
674 497 0.9
498 976 0.14
976 498 0.55
501 863 0.84
863 501 0.09
504 821 0.84
821 504 0.93
505 983 0.29
983 505 0.96
511 648 0.14
648 511 0.67
511 708 0.78
708 511 0.68
515 929 0.99
929 515 0.61
515 943 0.52
943 515 0.2
515 980 0.3
980 515 0.83
516 925 0.52
925 516 0.97
517 716 0.32
716 517 0.55
517 725 0.96
725 517 0.49
519 553 0.71
553 519 0.71
519 560 0.57
560 519 0.16
519 991 0.74
991 519 0.86
521 672 0.64
672 521 0.58
522 737 0.44
737 522 0.5
524 618 0.93
618 524 0.92
526 928 0.57
928 526 0.18
527 818 0.43
818 527 0.28
528 988 0.05
988 528 0.1
535 599 0.24
599 535 0.2
540 658 0.82
658 540 0.44
540 836 0.62
836 540 0.51
540 881 0.56
881 540 0.48
541 573 0.66
573 541 0.67
541 654 0.04
654 541 0.45
541 750 0.8
750 541 0.91
543 548 0.68
548 543 0.47
544 554 0.78
554 544 0.11
544 604 0.63
604 544 0.92
545 881 0.06
881 545 0.71
551 612 0.96
612 551 0.69
552 759 0.47
759 552 0.9
552 856 0.27
856 552 0.91
552 873 0.12
873 552 0.03
555 758 0.33
758 555 0.61
556 845 0.41
845 556 0.7
556 939 0.57
939 556 0.02
557 722 0.95
722 557 0.3
559 679 0.14
679 559 0.35
561 603 0.02
603 561 0.71
564 744 0.08
744 564 0.25
568 889 0.67
889 568 0.3
572 805 0.97
805 572 0.09
573 987 0.35
987 573 0.47
576 891 0.03
891 576 0.19
578 876 0.29
876 578 0.31
581 759 0.05
759 581 0.97
583 790 0.97
790 583 0.64
583 859 0.97
859 583 0.26
584 866 0.18
866 584 0.4
586 978 0.92
978 586 0.59
590 919 0.98
919 590 0.68
592 927 0.36
927 592 0.69
596 946 0.82
946 596 0.39
596 965 0.02
965 596 0.22
597 733 0.86
733 597 0.83
597 852 0.69
852 597 0.28
601 826 0.43
826 601 0.13
603 667 0.99
667 603 0.1
612 822 0.54
822 612 0.82
615 701 0.77
701 615 0.06
617 758 0.97
758 617 0.5
621 779 0.56
779 621 0.5
621 832 0.29
832 621 0.24
621 871 0.92
871 621 0.48
622 627 0.76
627 622 0.07
622 931 0.69
931 622 0.28
624 872 0.97
872 624 0.58
624 901 0.76
901 624 0.58
624 952 0.2
952 624 0.98
625 632 0.97
632 625 0.31
625 931 0.93
931 625 0.95
628 934 0.3
934 628 0.58
628 940 0.63
940 628 0.25
630 696 0.1
696 630 0.77
630 835 0.95
835 630 0.19
640 895 0.0
895 640 0.24
648 673 0.21
673 648 0.98
650 958 0.01
958 650 0.7
651 727 0.3
727 651 0.26
651 785 0.42
785 651 0.15
652 727 0.04
727 652 0.04
655 932 0.48
932 655 0.34
658 664 0.86
664 658 0.95
658 768 0.8
768 658 0.68
658 810 0.82
810 658 0.57
660 975 0.76
975 660 0.21
662 728 0.67
728 662 0.52
664 683 0.23
683 664 0.32
664 825 0.07
825 664 0.28
665 821 0.44
821 665 0.74
666 814 0.54
814 666 0.45
669 803 0.69
803 669 0.05
671 720 0.43
720 671 0.41
674 734 0.49
734 674 0.31
678 926 0.39
926 678 0.31
683 746 0.94
746 683 0.33
684 900 0.87
900 684 0.22
688 799 0.41
799 688 0.27
688 880 0.06
880 688 0.13
689 786 0.7
786 689 0.47
693 993 0.1
993 693 0.48
697 765 0.13
765 697 0.62
697 897 0.51
897 697 0.8
697 910 0.14
910 697 0.64
698 762 0.87
762 698 0.49
703 992 0.41
992 703 0.27
705 929 0.8
929 705 0.96
706 738 0.98
738 706 0.03
706 740 0.8
740 706 0.91
706 747 0.95
747 706 0.14
706 805 0.01
805 706 0.83
710 712 0.34
712 710 0.51
710 952 0.76
952 710 0.15
710 985 0.45
985 710 0.36
711 997 0.05
997 711 0.72
715 806 1.0
806 715 0.14
717 776 0.43
776 717 0.79
717 857 0.67
857 717 0.85
717 925 0.36
925 717 0.37
720 729 0.9
729 720 0.53
721 846 0.78
846 721 0.57
721 936 0.92
936 721 0.67
726 777 0.16
777 726 0.85
736 824 0.08
824 736 0.4
737 839 0.66
839 737 0.26
740 856 0.84
856 740 0.51
745 831 0.47
831 745 0.23
748 899 0.26
899 748 0.1
750 960 0.05
960 750 0.21
751 807 0.68
807 751 0.46
753 948 0.89
948 753 0.66
755 866 0.09
866 755 0.16
758 798 0.65
798 758 0.87
759 831 0.2
831 759 0.67
760 973 0.78
973 760 0.76
761 955 0.95
955 761 0.68
764 988 0.06
988 764 0.18
765 836 0.53
836 765 0.98
771 878 0.42
878 771 0.87
779 976 0.79
976 779 0.42
780 961 0.36
961 780 0.75
790 837 0.92
837 790 0.93
798 864 0.77
864 798 0.2
802 989 0.06
989 802 0.57
804 908 0.7
908 804 0.31
841 860 0.16
860 841 0.44
843 963 0.93
963 843 0.22
846 982 0.22
982 846 0.71
861 941 0.59
941 861 0.19
867 998 0.15
998 867 1.0
874 974 0.15
974 874 0.68
881 978 0.83
978 881 0.36
905 998 0.34
998 905 0.14
906 946 0.03
946 906 0.43
912 979 0.73
979 912 0.14
915 965 0.97
965 915 0.6
920 969 0.67
969 920 0.87
924 939 1.0
939 924 0.32
931 958 0.32
958 931 0.27
941 981 0.77
981 941 0.13
942 994 0.01
994 942 0.6
950 971 0.91
971 950 0.07
964 973 0.42
973 964 0.86
967 979 0.81
979 967 0.99
