0 1 0.52
1 0 0.61
0 2 0.91
2 0 0.79
0 3 0.85
3 0 0.73
0 4 0.75
4 0 0.62
0 5 0.81
5 0 0.3
0 9 0.25
9 0 0.58
0 10 0.34
10 0 0.03
0 13 0.31
13 0 0.21
0 14 0.61
14 0 0.65
0 19 0.71
19 0 0.91
0 21 0.59
21 0 0.42
0 44 0.03
44 0 0.26
0 49 0.26
49 0 0.95
0 56 0.7
56 0 0.9
0 60 0.29
60 0 0.15
0 67 0.61
67 0 0.36
0 69 0.55
69 0 0.3
0 70 0.36
70 0 0.43
0 87 0.42
87 0 0.44
0 97 0.87
97 0 0.32
0 100 0.3
100 0 0.59
0 125 0.65
125 0 0.5
0 172 0.39
172 0 0.73
0 186 0.89
186 0 0.63
0 197 0.14
197 0 0.65
1 4 0.72
4 1 0.43
1 5 0.96
5 1 0.44
1 7 0.19
7 1 0.35
1 18 0.75
18 1 0.45
1 25 0.27
25 1 0.83
1 35 0.35
35 1 0.74
1 43 0.79
43 1 0.24
1 45 0.28
45 1 0.91
1 80 0.57
80 1 0.4
1 86 0.71
86 1 0.26
1 138 0.21
138 1 0.46
1 141 0.83
141 1 0.87
1 143 0.17
143 1 0.41
1 147 0.51
147 1 0.92
1 192 0.8
192 1 0.01
2 6 0.69
6 2 0.08
2 16 0.69
16 2 0.31
2 20 0.73
20 2 0.22
2 22 0.9
22 2 0.06
2 25 0.23
25 2 0.9
2 33 0.34
33 2 0.1
2 38 0.46
38 2 0.57
2 53 0.59
53 2 0.33
2 54 0.95
54 2 0.38
2 55 0.4
55 2 0.9
2 58 0.43
58 2 0.39
2 66 0.34
66 2 0.61
2 71 0.94
71 2 0.52
2 81 0.91
81 2 0.5
2 92 0.49
92 2 0.99
2 103 0.28
103 2 0.68
2 107 0.48
107 2 0.28
2 113 0.59
113 2 0.91
2 124 0.45
124 2 0.62
2 128 0.07
128 2 0.26
2 135 0.3
135 2 0.01
2 145 0.65
145 2 0.62
2 176 0.44
176 2 0.52
3 4 0.66
4 3 0.53
3 12 0.05
12 3 0.44
3 27 0.01
27 3 0.09
3 32 0.02
32 3 0.12
3 53 0.73
53 3 0.74
3 57 0.95
57 3 0.89
3 78 0.26
78 3 0.21
3 94 0.6
94 3 0.51
3 107 0.71
107 3 0.03
3 108 0.41
108 3 0.56
3 127 0.72
127 3 0.23
3 130 0.25
130 3 0.82
3 147 0.03
147 3 0.8
3 156 0.93
156 3 0.51
3 195 0.99
195 3 0.15
3 199 0.56
199 3 0.76
4 5 0.01
5 4 0.59
4 6 0.34
6 4 0.3
4 8 0.39
8 4 0.54
4 10 0.24
10 4 0.1
4 15 0.04
15 4 0.24
4 16 0.98
16 4 0.34
4 18 0.05
18 4 0.03
4 24 0.67
24 4 0.55
4 32 0.04
32 4 0.65
4 42 0.96
42 4 0.38
4 44 0.99
44 4 0.71
4 51 0.04
51 4 0.53
4 57 0.38
57 4 0.92
4 68 0.02
68 4 0.2
4 75 0.03
75 4 0.27
4 83 0.01
83 4 0.97
4 102 0.47
102 4 0.77
4 113 0.23
113 4 0.64
4 123 0.05
123 4 0.69
4 133 0.78
133 4 0.17
4 155 0.35
155 4 0.93
4 157 0.06
157 4 0.48
4 158 0.4
158 4 0.0
4 163 0.93
163 4 0.48
4 165 0.76
165 4 0.08
4 175 0.02
175 4 0.83
5 6 0.83
6 5 0.21
5 7 0.64
7 5 0.66
5 8 0.68
8 5 0.14
5 11 0.6
11 5 0.66
5 12 0.94
12 5 0.33
5 16 0.64
16 5 0.27
5 17 0.16
17 5 0.31
5 18 0.88
18 5 0.87
5 26 0.81
26 5 0.76
5 37 0.96
37 5 0.4
5 43 0.94
43 5 0.97
5 45 0.28
45 5 0.31
5 51 0.89
51 5 0.09
5 52 0.94
52 5 0.93
5 63 0.67
63 5 0.38
5 64 0.09
64 5 0.88
5 89 0.39
89 5 0.28
5 95 0.14
95 5 0.2
5 109 0.67
109 5 0.27
5 127 0.98
127 5 0.76
5 132 0.09
132 5 0.83
5 133 0.67
133 5 0.68
5 137 0.91
137 5 0.24
5 151 0.32
151 5 0.36
5 161 0.39
161 5 0.44
5 162 0.28
162 5 0.64
5 171 0.78
171 5 0.38
5 175 0.95
175 5 0.38
5 177 0.87
177 5 0.06
6 7 0.28
7 6 0.73
6 8 0.74
8 6 0.84
6 9 0.38
9 6 0.25
6 11 0.18
11 6 0.13
6 17 0.16
17 6 0.88
6 28 0.59
28 6 0.73
6 30 0.81
30 6 0.21
6 37 0.6
37 6 0.35
6 48 0.19
48 6 0.5
6 51 0.65
51 6 0.31
6 54 0.16
54 6 0.26
6 57 0.56
57 6 0.54
6 72 0.0
72 6 0.36
6 96 0.01
96 6 0.82
6 148 0.47
148 6 0.35
6 178 0.42
178 6 0.97
6 185 0.84
185 6 0.45
6 187 0.81
187 6 0.41
7 9 0.54
9 7 0.16
7 30 0.48
30 7 0.83
7 31 0.4
31 7 0.02
7 36 0.28
36 7 0.19
7 39 0.23
39 7 0.73
7 50 0.69
50 7 0.73
7 56 0.59
56 7 0.7
7 66 0.07
66 7 0.58
7 79 0.86
79 7 0.46
7 91 0.52
91 7 0.73
7 183 0.56
183 7 0.08
8 13 0.86
13 8 0.3
8 14 0.19
14 8 0.6
8 48 0.21
48 8 0.27
8 69 0.11
69 8 0.74
8 85 0.85
85 8 0.68
8 118 0.73
118 8 0.4
8 173 0.08
173 8 0.47
9 10 0.34
10 9 0.36
9 11 0.2
11 9 0.78
9 15 0.67
15 9 0.56
9 19 0.65
19 9 0.17
9 20 0.55
20 9 0.47
9 27 0.17
27 9 0.39
9 31 0.23
31 9 0.51
9 40 0.08
40 9 0.59
9 42 0.26
42 9 0.58
9 56 0.21
56 9 0.81
9 65 0.41
65 9 0.05
9 73 0.06
73 9 0.82
9 80 0.69
80 9 0.19
9 83 0.46
83 9 0.49
9 85 0.99
85 9 0.97
9 102 0.09
102 9 0.62
9 154 0.39
154 9 0.95
9 156 0.39
156 9 0.06
9 185 0.09
185 9 0.14
10 12 0.75
12 10 0.4
10 23 0.19
23 10 0.28
10 24 0.88
24 10 0.46
10 38 0.54
38 10 0.44
10 61 0.8
61 10 0.46
10 65 0.93
65 10 0.27
10 68 0.89
68 10 0.08
10 90 0.97
90 10 0.73
10 105 0.14
105 10 0.16
10 186 0.25
186 10 0.24
11 13 0.13
13 11 0.55
11 33 0.62
33 11 0.99
11 39 0.7
39 11 0.96
11 44 0.14
44 11 0.89
11 46 0.17
46 11 0.23
11 58 0.32
58 11 0.82
11 129 0.24
129 11 0.3
11 146 0.97
146 11 0.76
11 166 0.31
166 11 0.47
11 168 0.41
168 11 0.05
11 191 0.27
191 11 0.62
12 14 0.53
14 12 0.11
12 17 0.31
17 12 0.73
12 29 0.7
29 12 0.25
12 62 0.62
62 12 0.84
12 63 0.73
63 12 0.96
12 96 0.48
96 12 0.52
12 106 0.28
106 12 0.62
12 108 0.66
108 12 0.72
12 153 0.57
153 12 0.93
12 174 0.3
174 12 0.41
13 19 0.3
19 13 0.57
13 24 0.27
24 13 0.57
13 25 0.46
25 13 0.74
13 39 0.08
39 13 0.96
13 74 0.74
74 13 0.3
13 76 0.76
76 13 0.25
13 84 0.04
84 13 0.32
13 106 0.16
106 13 0.99
13 110 0.07
110 13 0.68
13 148 0.34
148 13 0.83
13 150 0.21
150 13 0.7
13 152 0.86
152 13 0.12
13 198 0.17
198 13 0.61
14 15 0.51
15 14 0.02
14 26 0.71
26 14 0.81
14 27 0.02
27 14 0.73
14 34 0.53
34 14 0.77
14 40 0.97
40 14 0.85
14 41 0.28
41 14 0.71
14 42 0.34
42 14 0.34
14 48 0.69
48 14 0.8
14 49 0.12
49 14 0.71
14 61 0.3
61 14 0.45
14 62 0.64
62 14 0.16
14 72 0.36
72 14 0.11
14 78 0.28
78 14 0.11
14 81 0.11
81 14 0.52
14 87 0.76
87 14 0.41
14 97 0.32
97 14 0.0
14 102 0.71
102 14 0.74
14 120 0.89
120 14 0.35
14 121 0.28
121 14 0.64
14 122 0.33
122 14 0.98
14 125 0.66
125 14 0.61
14 128 0.92
128 14 0.85
14 143 0.74
143 14 0.88
14 153 0.18
153 14 0.8
14 160 0.83
160 14 0.96
14 181 0.92
181 14 0.41
14 184 0.47
184 14 0.94
14 194 0.31
194 14 0.42
14 195 0.92
195 14 0.09
15 35 0.74
35 15 0.62
15 116 0.83
116 15 0.78
15 193 0.09
193 15 0.6
16 22 0.18
22 16 0.1
16 36 0.38
36 16 0.41
16 129 0.28
129 16 0.92
17 20 0.82
20 17 0.01
17 23 0.54
23 17 0.19
17 83 0.67
83 17 0.41
17 159 0.43
159 17 0.1
18 22 0.82
22 18 0.45
18 34 0.72
34 18 0.08
18 73 0.44
73 18 0.95
18 79 0.09
79 18 0.52
18 82 0.65
82 18 0.73
18 101 0.44
101 18 0.06
18 111 1.0
111 18 0.59
18 115 0.81
115 18 0.48
18 134 0.05
134 18 0.06
18 150 0.65
150 18 0.44
18 159 0.59
159 18 0.48
18 190 0.02
190 18 0.39
18 196 0.51
196 18 0.62
19 21 0.74
21 19 0.72
19 29 0.98
29 19 0.68
19 32 0.71
32 19 0.76
19 46 0.33
46 19 0.92
19 59 0.16
59 19 0.21
19 75 0.47
75 19 0.6
19 76 0.65
76 19 0.75
19 84 0.19
84 19 0.06
19 103 0.08
103 19 0.64
19 112 0.08
112 19 0.3
19 114 0.24
114 19 0.33
19 188 0.7
188 19 0.58
20 21 0.6
21 20 0.59
20 46 0.89
46 20 0.13
20 49 0.4
49 20 0.07
20 74 0.93
74 20 0.46
20 100 1.0
100 20 0.52
20 104 0.68
104 20 0.34
20 112 0.76
112 20 0.88
20 131 0.25
131 20 0.57
20 136 0.58
136 20 0.13
20 152 0.95
152 20 0.83
21 29 0.25
29 21 0.78
21 65 0.12
65 21 0.24
21 67 0.56
67 21 0.62
21 132 0.52
132 21 0.7
21 192 0.74
192 21 0.51
22 23 0.34
23 22 0.46
22 30 0.89
30 22 0.66
22 33 0.91
33 22 0.26
22 60 0.27
60 22 0.22
22 64 0.27
64 22 0.91
22 75 0.71
75 22 0.91
22 177 0.9
177 22 0.61
23 54 0.27
54 23 0.49
24 26 0.75
26 24 0.13
24 28 0.56
28 24 0.79
24 63 0.68
63 24 0.23
24 81 0.31
81 24 0.69
24 100 0.15
100 24 0.91
24 111 0.23
111 24 0.3
24 149 0.83
149 24 0.63
25 55 0.39
55 25 0.58
25 62 0.4
62 25 0.11
25 89 0.85
89 25 0.33
25 92 0.23
92 25 0.64
25 94 0.44
94 25 0.33
25 121 0.57
121 25 0.26
25 146 0.36
146 25 0.87
25 167 0.24
167 25 0.75
26 28 0.88
28 26 0.09
26 70 0.89
70 26 0.05
26 93 0.22
93 26 0.27
26 104 0.77
104 26 0.91
26 194 0.49
194 26 0.14
27 40 0.84
40 27 0.43
27 143 0.31
143 27 0.62
27 144 0.1
144 27 0.04
28 37 0.51
37 28 0.51
29 43 0.06
43 29 0.38
29 96 0.47
96 29 0.53
29 169 0.69
169 29 0.65
30 31 0.78
31 30 0.01
30 34 0.09
34 30 0.34
30 35 0.65
35 30 0.7
30 36 0.47
36 30 0.87
30 38 0.65
38 30 0.01
30 52 0.96
52 30 0.8
30 71 0.02
71 30 0.95
30 78 0.28
78 30 0.66
30 88 0.81
88 30 0.49
30 94 0.91
94 30 0.3
30 99 0.47
99 30 0.47
30 119 0.31
119 30 0.82
30 126 0.27
126 30 0.32
30 129 0.05
129 30 0.87
30 132 0.45
132 30 0.83
30 138 0.22
138 30 0.76
30 166 0.25
166 30 0.72
30 177 0.28
177 30 0.88
31 41 0.94
41 31 0.05
31 52 0.63
52 31 0.96
31 90 0.83
90 31 0.69
31 118 0.11
118 31 0.96
31 130 0.44
130 31 0.93
31 142 0.39
142 31 0.5
31 182 0.12
182 31 0.35
32 119 0.11
119 32 0.7
33 166 0.74
166 33 0.2
33 189 0.35
189 33 0.93
34 47 0.83
47 34 0.74
34 161 0.46
161 34 0.3
34 190 0.71
190 34 0.36
35 41 0.78
41 35 0.07
35 47 0.68
47 35 0.42
35 53 0.04
53 35 0.44
35 59 0.13
59 35 0.82
35 124 0.24
124 35 0.41
35 126 0.25
126 35 0.78
35 163 0.19
163 35 0.43
36 55 1.0
55 36 0.2
36 60 0.19
60 36 0.37
36 122 0.06
122 36 0.02
36 183 0.83
183 36 0.86
38 50 0.63
50 38 0.56
38 71 0.11
71 38 0.45
38 80 0.09
80 38 0.74
38 121 0.84
121 38 0.43
38 170 0.69
170 38 0.91
38 199 0.22
199 38 0.47
39 58 0.23
58 39 0.14
39 106 0.53
106 39 0.56
39 125 0.66
125 39 0.25
40 47 0.07
47 40 0.7
40 135 0.34
135 40 0.71
40 161 0.69
161 40 0.72
41 77 0.52
77 41 0.56
41 86 0.01
86 41 0.96
41 99 0.71
99 41 0.46
41 169 0.01
169 41 0.61
42 174 0.22
174 42 0.62
43 45 0.43
45 43 0.41
43 64 0.99
64 43 0.46
43 91 0.9
91 43 0.3
43 95 0.55
95 43 0.0
43 117 0.17
117 43 0.32
43 123 0.32
123 43 0.19
43 126 0.84
126 43 0.79
43 164 0.61
164 43 0.21
43 167 0.82
167 43 0.43
44 50 0.29
50 44 0.46
44 188 0.16
188 44 0.81
46 117 0.67
117 46 0.27
46 154 0.47
154 46 0.47
47 72 0.74
72 47 0.08
47 98 0.07
98 47 0.15
47 109 0.77
109 47 0.38
48 67 0.31
67 48 0.67
48 68 0.48
68 48 0.83
48 79 0.37
79 48 0.95
48 114 0.02
114 48 0.34
48 137 0.12
137 48 0.67
48 144 0.75
144 48 0.02
48 157 0.08
157 48 0.38
48 175 0.73
175 48 0.13
50 77 1.0
77 50 0.45
50 145 0.01
145 50 0.12
51 59 0.35
59 51 0.95
51 89 0.46
89 51 0.87
51 149 0.52
149 51 0.81
52 69 0.46
69 52 0.7
53 70 0.81
70 53 0.57
53 93 0.72
93 53 0.05
53 139 0.78
139 53 0.84
53 156 0.29
156 53 0.44
53 165 0.23
165 53 0.17
53 176 0.56
176 53 0.49
53 178 0.45
178 53 0.96
53 180 0.56
180 53 0.29
53 183 0.21
183 53 0.08
53 196 0.69
196 53 0.86
54 61 0.94
61 54 0.37
54 73 0.29
73 54 0.67
54 82 0.75
82 54 0.93
54 109 0.74
109 54 0.61
54 136 0.61
136 54 0.58
54 165 0.78
165 54 0.91
55 88 0.42
88 55 0.52
55 182 0.07
182 55 0.7
55 184 0.66
184 55 0.71
56 66 0.1
66 56 0.97
56 93 0.76
93 56 0.28
56 104 0.6
104 56 0.47
56 115 0.35
115 56 0.18
56 167 0.39
167 56 0.54
57 90 0.46
90 57 0.04
57 170 0.28
170 57 0.44
58 77 0.55
77 58 0.77
58 92 0.6
92 58 0.19
60 76 0.98
76 60 0.48
60 91 1.0
91 60 0.22
60 105 0.38
105 60 0.24
60 142 0.31
142 60 0.41
61 113 0.27
113 61 0.29
61 162 0.78
162 61 0.92
62 99 0.68
99 62 0.38
63 176 0.79
176 63 0.87
64 82 1.0
82 64 0.75
65 110 0.48
110 65 0.38
65 120 0.95
120 65 0.68
65 186 0.85
186 65 0.65
65 198 0.38
198 65 0.54
67 119 0.65
119 67 0.01
67 198 0.26
198 67 0.19
68 112 0.71
112 68 0.76
68 115 0.45
115 68 0.96
68 149 0.53
149 68 0.2
68 191 0.07
191 68 0.16
69 74 0.81
74 69 0.73
69 131 0.46
131 69 0.67
69 155 0.65
155 69 0.8
69 199 0.41
199 69 0.24
70 86 0.02
86 70 0.05
70 87 0.58
87 70 0.77
70 172 0.91
172 70 0.32
72 133 0.32
133 72 0.93
72 193 0.1
193 72 0.94
74 88 0.36
88 74 0.92
74 98 0.28
98 74 0.06
74 101 0.45
101 74 0.31
74 117 0.77
117 74 0.27
75 101 0.64
101 75 0.16
75 114 0.63
114 75 0.03
75 122 0.92
122 75 0.08
75 164 0.91
164 75 0.59
76 170 0.76
170 76 0.73
76 172 0.92
172 76 0.46
77 105 0.55
105 77 0.3
77 110 0.51
110 77 0.85
77 130 0.18
130 77 0.6
78 160 0.3
160 78 0.5
79 84 0.36
84 79 0.16
79 174 0.76
174 79 0.94
80 98 0.06
98 80 0.76
81 95 0.39
95 81 0.8
81 197 0.9
197 81 0.76
82 97 0.16
97 82 0.03
82 158 0.88
158 82 0.4
82 193 0.15
193 82 0.48
83 140 0.89
140 83 0.94
83 155 0.95
155 83 0.37
83 158 0.54
158 83 0.47
83 195 0.52
195 83 0.62
84 85 0.06
85 84 0.24
84 103 0.17
103 84 0.55
84 107 0.87
107 84 0.41
84 147 0.99
147 84 0.73
84 151 0.18
151 84 0.63
84 181 0.97
181 84 0.7
84 189 0.63
189 84 0.37
84 190 0.3
190 84 0.74
85 120 0.76
120 85 0.63
87 171 0.97
171 87 0.49
88 197 0.61
197 88 0.34
89 168 0.04
168 89 0.38
90 134 0.35
134 90 0.26
90 135 0.58
135 90 0.09
91 136 0.88
136 91 0.03
91 179 0.92
179 91 0.82
92 181 0.59
181 92 0.94
94 111 0.2
111 94 0.8
94 141 0.93
141 94 0.78
94 164 0.7
164 94 0.05
94 168 0.54
168 94 0.9
95 116 0.61
116 95 0.16
96 142 0.98
142 96 0.16
96 152 0.95
152 96 0.98
97 146 0.97
146 97 0.21
99 108 0.79
108 99 0.02
99 123 0.11
123 99 0.07
99 124 0.78
124 99 0.75
99 179 0.38
179 99 0.26
100 116 1.0
116 100 0.54
101 180 0.16
180 101 0.54
103 154 0.99
154 103 0.97
103 184 0.96
184 103 0.73
104 134 0.12
134 104 0.55
104 144 0.44
144 104 0.12
107 127 0.87
127 107 0.94
108 140 0.87
140 108 0.92
110 159 0.61
159 110 0.34
110 179 0.76
179 110 0.33
114 151 0.76
151 114 0.96
116 118 0.9
118 116 0.8
116 150 0.93
150 116 0.83
116 160 0.43
160 116 0.8
117 162 0.11
162 117 0.34
118 128 0.72
128 118 0.65
118 141 0.52
141 118 0.31
119 178 0.08
178 119 0.59
120 131 0.69
131 120 0.21
120 139 0.32
139 120 0.96
122 140 0.47
140 122 0.45
122 145 0.38
145 122 0.6
123 173 0.86
173 123 0.05
125 137 0.78
137 125 0.91
125 163 0.1
163 125 0.24
126 194 0.31
194 126 0.75
127 153 0.61
153 127 0.48
129 138 0.15
138 129 0.77
129 157 0.96
157 129 0.91
130 173 0.8
173 130 0.57
132 148 0.76
148 132 0.28
136 139 0.03
139 136 0.89
143 189 0.87
189 143 0.33
144 185 0.18
185 144 0.83
146 182 0.48
182 146 0.12
147 187 0.98
187 147 0.14
153 188 0.27
188 153 0.23
153 192 0.84
192 153 0.22
159 169 0.1
169 159 0.31
167 171 0.54
171 167 0.4
174 191 0.82
191 174 0.14
177 180 0.2
180 177 0.07
177 196 0.35
196 177 0.26
178 187 0.14
187 178 0.57
