0 1 0.58
1 0 0.74
0 2 0.93
2 0 0.58
0 3 0.92
3 0 0.29
0 4 0.49
4 0 0.59
0 5 0.46
5 0 0.01
0 6 0.92
6 0 0.34
0 8 0.52
8 0 0.15
0 10 0.93
10 0 0.24
0 11 0.15
11 0 0.61
0 12 0.23
12 0 0.21
0 14 0.22
14 0 0.5
0 16 0.94
16 0 0.21
0 21 0.42
21 0 0.79
0 25 0.79
25 0 0.91
0 26 0.79
26 0 0.65
0 42 0.53
42 0 0.54
0 46 0.05
46 0 0.78
0 49 0.64
49 0 0.5
0 50 0.7
50 0 0.14
0 68 0.38
68 0 0.62
0 79 0.53
79 0 0.38
0 83 0.48
83 0 0.42
0 100 0.76
100 0 0.94
0 103 0.57
103 0 0.67
0 110 0.44
110 0 0.62
0 112 0.27
112 0 0.42
0 115 0.03
115 0 0.34
0 118 0.07
118 0 0.44
0 124 0.17
124 0 0.1
0 125 0.06
125 0 0.65
0 127 0.32
127 0 0.23
0 149 0.71
149 0 0.97
0 163 0.11
163 0 0.45
0 167 0.77
167 0 0.94
0 219 0.68
219 0 0.58
0 228 0.1
228 0 0.42
0 229 0.36
229 0 0.08
0 245 0.06
245 0 0.69
0 258 0.88
258 0 0.47
0 305 0.84
305 0 0.99
0 362 0.04
362 0 0.88
0 377 0.74
377 0 0.38
0 381 0.5
381 0 0.51
1 4 0.57
4 1 0.36
1 5 0.86
5 1 0.67
1 6 0.15
6 1 0.07
1 8 0.38
8 1 0.33
1 12 0.07
12 1 0.97
1 20 0.3
20 1 0.69
1 30 0.95
30 1 0.57
1 47 0.67
47 1 0.36
1 61 0.49
61 1 0.53
1 84 0.09
84 1 0.65
1 93 0.58
93 1 0.01
1 104 0.85
104 1 0.75
1 132 0.78
132 1 0.49
1 199 0.13
199 1 0.56
1 206 0.88
206 1 0.33
1 247 0.7
247 1 0.1
1 298 0.12
298 1 0.81
1 315 0.17
315 1 0.28
1 332 0.97
332 1 0.48
1 384 0.3
384 1 0.67
2 10 0.87
10 2 0.91
2 24 0.06
24 2 0.48
2 27 0.65
27 2 0.25
2 137 0.04
137 2 0.56
2 232 0.1
232 2 0.35
3 4 0.52
4 3 0.33
3 7 0.43
7 3 0.37
3 8 0.56
8 3 0.38
3 10 0.55
10 3 0.63
3 11 0.92
11 3 0.12
3 14 0.48
14 3 0.41
3 15 0.83
15 3 0.77
3 16 0.55
16 3 0.56
3 19 0.24
19 3 0.24
3 25 0.45
25 3 0.9
3 28 0.41
28 3 0.17
3 35 0.12
35 3 0.68
3 36 0.04
36 3 0.12
3 37 0.84
37 3 0.2
3 39 0.1
39 3 0.26
3 40 0.15
40 3 0.95
3 41 0.1
41 3 0.18
3 61 0.96
61 3 0.28
3 63 0.03
63 3 0.76
3 90 0.07
90 3 0.14
3 92 0.24
92 3 0.84
3 101 0.52
101 3 0.7
3 102 0.02
102 3 0.43
3 111 0.43
111 3 0.32
3 113 0.65
113 3 0.22
3 123 0.79
123 3 0.02
3 128 0.43
128 3 0.18
3 142 0.47
142 3 0.73
3 152 0.51
152 3 0.67
3 164 0.28
164 3 0.57
3 175 0.99
175 3 0.82
3 177 0.57
177 3 0.78
3 193 0.42
193 3 0.57
3 230 0.0
230 3 0.32
3 257 0.6
257 3 0.53
3 260 0.03
260 3 0.37
3 264 0.61
264 3 0.68
3 286 0.94
286 3 0.9
3 289 0.71
289 3 0.42
3 295 0.12
295 3 0.72
3 320 0.77
320 3 0.0
3 339 0.91
339 3 0.92
3 375 0.44
375 3 0.06
4 5 0.59
5 4 0.58
4 6 0.73
6 4 0.82
4 7 0.86
7 4 0.94
4 9 0.02
9 4 0.51
4 11 0.6
11 4 0.85
4 13 0.36
13 4 0.97
4 19 0.3
19 4 0.51
4 33 0.82
33 4 0.0
4 35 0.03
35 4 0.15
4 38 0.75
38 4 0.53
4 48 0.9
48 4 0.01
4 49 0.55
49 4 0.67
4 51 0.19
51 4 0.73
4 56 0.05
56 4 0.07
4 57 0.57
57 4 0.15
4 58 0.49
58 4 0.11
4 63 0.51
63 4 0.49
4 66 0.95
66 4 0.19
4 72 0.81
72 4 0.81
4 74 0.46
74 4 0.7
4 75 0.72
75 4 0.69
4 76 0.62
76 4 0.33
4 81 0.78
81 4 0.99
4 82 0.66
82 4 0.98
4 84 0.51
84 4 0.18
4 87 0.94
87 4 0.82
4 88 0.95
88 4 0.01
4 96 0.41
96 4 0.74
4 104 0.4
104 4 0.53
4 120 0.57
120 4 0.36
4 123 0.45
123 4 0.71
4 145 0.55
145 4 0.45
4 150 0.15
150 4 0.34
4 153 0.64
153 4 0.37
4 177 0.68
177 4 0.42
4 183 0.25
183 4 0.52
4 187 0.36
187 4 0.66
4 188 0.79
188 4 0.43
4 195 0.06
195 4 0.68
4 200 0.87
200 4 0.55
4 204 0.39
204 4 0.91
4 206 0.27
206 4 0.96
4 207 0.58
207 4 0.98
4 209 0.73
209 4 0.76
4 210 0.4
210 4 0.24
4 213 0.05
213 4 0.8
4 217 0.92
217 4 0.86
4 233 0.46
233 4 0.43
4 236 0.39
236 4 0.8
4 285 0.6
285 4 0.39
4 290 0.57
290 4 0.28
4 293 0.37
293 4 0.78
4 301 0.78
301 4 0.81
4 304 0.58
304 4 0.82
4 306 0.69
306 4 0.59
4 308 0.85
308 4 0.49
4 314 0.66
314 4 0.28
4 316 0.9
316 4 0.51
4 325 0.37
325 4 0.92
4 335 0.98
335 4 0.4
4 338 0.96
338 4 0.07
4 348 0.07
348 4 0.16
4 350 0.67
350 4 0.8
4 360 0.18
360 4 0.61
4 370 0.56
370 4 0.95
4 371 0.39
371 4 0.51
4 386 0.84
386 4 0.78
4 388 0.55
388 4 0.35
4 395 0.82
395 4 0.33
5 9 0.61
9 5 0.37
5 15 0.2
15 5 0.21
5 20 0.94
20 5 0.47
5 27 0.38
27 5 0.66
5 40 0.73
40 5 0.5
5 45 0.98
45 5 0.36
5 50 0.36
50 5 1.0
5 53 0.13
53 5 0.52
5 77 0.31
77 5 0.83
5 89 0.8
89 5 0.07
5 121 0.49
121 5 0.29
5 192 0.32
192 5 0.84
5 323 0.01
323 5 0.08
5 358 0.98
358 5 0.14
5 370 0.84
370 5 0.49
6 7 0.07
7 6 0.09
6 9 0.78
9 6 0.06
6 19 0.07
19 6 0.94
6 64 0.75
64 6 0.73
6 94 0.25
94 6 0.21
6 112 0.25
112 6 0.27
6 337 0.36
337 6 0.28
6 381 0.65
381 6 0.85
7 12 0.73
12 7 0.38
7 16 0.83
16 7 0.87
7 18 0.43
18 7 0.32
7 35 0.0
35 7 0.75
7 41 0.09
41 7 0.67
7 96 0.73
96 7 0.97
7 128 0.2
128 7 0.48
7 143 0.17
143 7 0.96
7 165 0.18
165 7 0.93
7 166 0.9
166 7 0.85
7 174 0.14
174 7 0.99
7 179 0.11
179 7 0.83
7 247 0.28
247 7 0.07
7 248 0.7
248 7 0.47
7 250 0.07
250 7 0.81
7 251 0.35
251 7 0.52
7 262 0.76
262 7 0.56
7 297 0.28
297 7 0.69
7 305 0.76
305 7 0.29
7 319 0.94
319 7 0.04
7 373 0.65
373 7 0.69
8 18 0.97
18 8 0.13
8 31 0.34
31 8 0.73
8 58 0.89
58 8 0.5
8 78 0.73
78 8 0.93
8 89 0.05
89 8 0.2
8 126 0.77
126 8 0.98
8 253 0.89
253 8 0.61
8 322 0.37
322 8 0.18
9 13 0.34
13 9 0.28
9 14 0.6
14 9 0.3
9 21 0.01
21 9 0.99
9 22 0.19
22 9 0.25
9 23 0.22
23 9 0.7
9 24 0.58
24 9 0.89
9 26 0.13
26 9 0.1
9 32 0.98
32 9 0.66
9 37 0.3
37 9 0.96
9 45 0.42
45 9 0.24
9 47 0.55
47 9 0.07
9 52 0.26
52 9 0.55
9 55 0.41
55 9 0.31
9 62 0.23
62 9 0.65
9 76 0.73
76 9 0.68
9 92 0.09
92 9 0.27
9 98 0.79
98 9 0.07
9 102 0.15
102 9 0.25
9 108 0.63
108 9 0.62
9 113 0.82
113 9 0.53
9 122 0.4
122 9 0.91
9 139 0.83
139 9 0.78
9 151 0.15
151 9 0.2
9 153 0.73
153 9 0.68
9 193 0.1
193 9 0.18
9 227 0.6
227 9 0.93
9 232 0.59
232 9 0.14
9 237 0.25
237 9 0.55
9 238 0.79
238 9 0.19
9 240 0.59
240 9 0.84
9 243 1.0
243 9 0.97
9 252 0.54
252 9 0.01
9 268 0.71
268 9 0.19
9 272 0.18
272 9 0.91
9 325 0.96
325 9 0.19
9 340 0.95
340 9 0.55
9 395 0.66
395 9 0.25
10 17 0.76
17 10 0.49
10 22 0.75
22 10 0.34
10 23 0.23
23 10 0.17
10 79 0.56
79 10 0.53
10 86 0.32
86 10 0.99
10 94 0.91
94 10 0.15
10 97 0.4
97 10 0.05
10 114 0.82
114 10 0.28
10 115 0.25
115 10 0.21
10 133 0.23
133 10 0.61
10 147 0.2
147 10 0.02
10 152 0.63
152 10 0.32
10 164 0.79
164 10 0.85
10 168 0.88
168 10 0.54
10 173 0.56
173 10 0.7
10 182 0.45
182 10 0.62
10 184 0.74
184 10 0.84
10 237 0.69
237 10 0.66
10 248 0.14
248 10 0.88
10 256 0.93
256 10 0.9
10 309 0.42
309 10 0.28
10 311 0.09
311 10 0.95
10 312 0.34
312 10 0.57
10 357 0.36
357 10 0.72
10 384 0.84
384 10 0.76
11 13 0.26
13 11 0.17
11 20 0.94
20 11 0.46
11 29 0.87
29 11 0.18
11 30 0.74
30 11 0.47
11 44 0.31
44 11 0.65
11 46 0.24
46 11 0.41
11 60 0.08
60 11 0.97
11 69 0.87
69 11 0.12
11 73 0.69
73 11 0.12
11 77 0.15
77 11 0.83
11 104 0.71
104 11 0.69
11 114 0.46
114 11 0.41
11 145 0.69
145 11 0.13
11 148 0.18
148 11 0.99
11 191 0.96
191 11 0.9
11 200 0.1
200 11 0.92
11 201 0.82
201 11 0.62
11 209 0.87
209 11 0.17
11 242 0.68
242 11 0.48
11 326 0.29
326 11 0.65
11 340 0.65
340 11 0.12
11 378 0.52
378 11 0.76
11 399 0.95
399 11 0.29
12 21 0.79
21 12 0.45
12 71 0.87
71 12 0.57
12 110 0.85
110 12 0.25
12 123 0.26
123 12 0.75
12 130 0.04
130 12 0.76
12 144 0.72
144 12 0.12
12 172 0.44
172 12 0.55
12 279 0.67
279 12 0.26
13 15 0.29
15 13 0.75
13 22 0.85
22 13 0.58
13 23 0.08
23 13 0.47
13 31 0.1
31 13 0.93
13 34 0.14
34 13 0.63
13 52 0.12
52 13 0.42
13 59 0.45
59 13 0.06
13 66 0.44
66 13 0.83
13 81 0.82
81 13 0.17
13 93 0.81
93 13 0.62
13 108 0.93
108 13 0.84
13 118 0.93
118 13 0.85
13 119 0.36
119 13 0.86
13 122 0.11
122 13 0.72
13 128 0.75
128 13 0.38
13 151 0.37
151 13 0.98
13 169 0.22
169 13 0.1
13 224 0.71
224 13 0.97
13 228 0.59
228 13 0.81
13 271 0.31
271 13 0.39
13 287 0.7
287 13 0.69
13 297 0.33
297 13 0.15
13 311 0.38
311 13 0.99
13 318 0.88
318 13 0.1
13 372 0.17
372 13 0.74
13 394 0.72
394 13 0.4
14 17 0.31
17 14 0.69
14 18 0.03
18 14 0.33
14 25 0.47
25 14 0.62
14 26 0.43
26 14 0.88
14 27 0.24
27 14 0.2
14 28 0.34
28 14 0.25
14 32 0.1
32 14 0.74
14 33 0.63
33 14 0.65
14 36 0.22
36 14 0.14
14 42 0.63
42 14 0.86
14 55 0.61
55 14 0.86
14 64 0.13
64 14 0.53
14 68 0.93
68 14 0.15
14 70 0.8
70 14 0.14
14 80 0.55
80 14 0.42
14 91 0.37
91 14 0.07
14 106 0.31
106 14 0.21
14 117 0.21
117 14 0.12
14 130 0.94
130 14 0.66
14 135 0.22
135 14 0.35
14 159 0.59
159 14 0.57
14 185 0.5
185 14 0.21
14 188 0.37
188 14 0.0
14 211 0.29
211 14 0.28
14 218 0.05
218 14 0.42
14 223 0.03
223 14 0.34
14 224 0.4
224 14 0.25
14 234 0.12
234 14 0.12
14 241 0.23
241 14 0.23
14 264 0.59
264 14 0.61
14 275 0.71
275 14 0.58
14 293 0.76
293 14 0.29
14 298 0.55
298 14 0.51
14 300 0.63
300 14 0.6
14 323 0.36
323 14 0.59
14 329 0.03
329 14 0.51
14 354 0.07
354 14 0.9
14 367 0.86
367 14 0.73
14 368 0.37
368 14 0.94
14 393 0.07
393 14 0.8
14 394 0.0
394 14 0.56
15 24 0.21
24 15 0.18
15 32 0.7
32 15 0.88
15 34 0.91
34 15 0.46
15 38 0.58
38 15 0.89
15 44 0.18
44 15 0.65
15 45 0.29
45 15 0.95
15 59 0.07
59 15 0.88
15 76 0.22
76 15 0.72
15 87 0.36
87 15 0.34
15 132 0.38
132 15 0.67
15 139 0.27
139 15 0.02
15 226 0.66
226 15 0.93
15 286 0.07
286 15 0.87
15 287 0.63
287 15 0.23
15 288 0.5
288 15 0.51
15 301 0.24
301 15 0.05
15 310 0.39
310 15 0.16
15 329 0.45
329 15 0.52
15 343 0.82
343 15 0.64
15 349 0.1
349 15 0.09
15 396 1.0
396 15 0.35
16 17 0.22
17 16 0.51
16 136 0.41
136 16 0.69
16 143 0.2
143 16 0.62
16 255 0.52
255 16 0.03
16 270 0.21
270 16 0.89
16 334 0.82
334 16 0.72
16 335 0.59
335 16 0.71
16 347 0.01
347 16 0.61
16 356 0.23
356 16 0.27
16 363 0.15
363 16 0.93
16 367 0.88
367 16 0.23
16 385 0.37
385 16 0.12
17 105 0.73
105 17 0.45
17 135 0.38
135 17 0.73
17 162 0.94
162 17 0.5
17 362 0.77
362 17 0.7
18 43 0.77
43 18 0.55
18 44 0.59
44 18 0.28
18 46 0.18
46 18 0.03
18 53 0.13
53 18 0.92
18 174 0.56
174 18 0.23
18 176 0.33
176 18 0.34
18 328 0.41
328 18 0.49
19 48 0.13
48 19 0.36
19 75 0.1
75 19 0.89
19 149 0.35
149 19 0.61
19 337 0.87
337 19 0.14
19 350 0.34
350 19 0.82
20 54 0.83
54 20 0.16
20 72 0.2
72 20 0.21
20 113 0.9
113 20 0.29
20 159 0.24
159 20 0.82
20 166 0.06
166 20 0.01
20 170 0.92
170 20 0.68
20 358 0.96
358 20 0.58
20 397 0.61
397 20 0.13
21 62 0.08
62 21 0.4
21 90 0.45
90 21 0.3
21 109 0.89
109 21 0.61
21 191 0.47
191 21 0.65
21 230 0.85
230 21 0.85
21 255 0.72
255 21 0.42
21 265 0.48
265 21 0.54
21 315 0.16
315 21 0.76
21 388 0.94
388 21 0.11
22 53 0.63
53 22 0.98
22 86 0.27
86 22 0.87
22 126 0.54
126 22 0.24
22 142 0.43
142 22 0.21
22 148 0.42
148 22 0.41
22 196 0.22
196 22 0.75
22 231 0.12
231 22 0.21
22 280 0.12
280 22 0.59
22 316 0.05
316 22 0.58
23 39 0.99
39 23 0.27
23 51 0.48
51 23 0.24
23 67 0.24
67 23 0.32
23 212 0.16
212 23 0.67
24 42 0.17
42 24 0.6
24 48 0.7
48 24 0.56
24 49 0.19
49 24 0.29
24 64 0.15
64 24 0.13
24 65 0.14
65 24 0.03
24 69 0.5
69 24 0.28
24 71 0.72
71 24 0.34
24 87 0.35
87 24 0.39
24 116 0.74
116 24 0.79
24 119 0.64
119 24 0.81
24 136 0.71
136 24 0.94
24 155 0.29
155 24 0.37
24 194 0.4
194 24 0.53
24 210 0.2
210 24 0.61
24 262 0.3
262 24 0.95
24 272 0.57
272 24 0.52
24 274 0.73
274 24 0.98
24 317 0.8
317 24 0.74
25 29 0.93
29 25 0.9
25 37 0.44
37 25 0.05
25 68 0.96
68 25 0.76
25 70 0.81
70 25 0.14
25 112 0.93
112 25 0.84
25 171 0.3
171 25 0.38
25 194 0.29
194 25 0.76
25 222 0.3
222 25 0.07
25 244 0.67
244 25 0.61
25 282 0.93
282 25 0.14
26 29 0.45
29 26 0.26
26 40 0.07
40 26 0.95
26 50 0.33
50 26 0.98
26 67 0.13
67 26 0.75
26 78 0.12
78 26 0.35
26 101 0.94
101 26 0.98
26 107 0.2
107 26 0.07
26 119 0.34
119 26 0.45
26 137 0.65
137 26 0.6
26 152 0.09
152 26 0.25
26 164 0.36
164 26 0.32
26 175 0.08
175 26 0.28
26 182 0.25
182 26 0.46
26 191 0.08
191 26 0.66
26 220 0.95
220 26 0.65
26 270 0.23
270 26 0.94
26 273 0.56
273 26 0.05
26 291 0.08
291 26 0.16
26 309 0.37
309 26 0.37
27 28 0.95
28 27 0.57
27 30 0.43
30 27 0.5
27 33 0.55
33 27 0.51
27 57 0.84
57 27 0.05
27 72 0.11
72 27 0.45
27 74 0.02
74 27 0.22
27 108 0.1
108 27 0.42
27 133 0.27
133 27 0.44
27 163 0.39
163 27 0.03
27 196 0.36
196 27 0.63
27 270 0.25
270 27 0.69
27 313 0.11
313 27 0.14
27 319 0.1
319 27 0.62
28 154 0.05
154 28 0.99
28 180 0.0
180 28 0.99
29 31 0.96
31 29 0.27
29 70 0.28
70 29 0.36
29 73 0.87
73 29 0.46
29 109 0.92
109 29 0.32
29 129 0.72
129 29 0.57
29 163 0.28
163 29 0.58
29 165 0.38
165 29 0.72
29 183 0.85
183 29 0.61
29 193 0.92
193 29 0.3
29 266 0.74
266 29 0.83
29 331 0.32
331 29 0.98
29 342 0.72
342 29 0.22
30 41 0.98
41 30 0.02
30 51 0.56
51 30 0.83
30 60 0.83
60 30 0.1
30 98 0.01
98 30 0.94
30 101 0.15
101 30 0.01
30 105 0.45
105 30 0.74
30 121 0.9
121 30 0.2
30 127 0.81
127 30 0.68
30 138 0.56
138 30 0.22
30 142 0.12
142 30 0.7
30 161 0.68
161 30 0.29
30 162 0.83
162 30 0.3
30 167 0.75
167 30 0.99
30 178 0.7
178 30 0.46
30 181 0.22
181 30 0.23
30 185 0.35
185 30 0.66
30 190 0.84
190 30 0.3
30 206 0.31
206 30 0.32
30 225 0.54
225 30 0.08
30 240 0.97
240 30 0.77
30 339 0.02
339 30 0.15
30 345 0.31
345 30 0.12
30 375 0.71
375 30 0.18
30 385 0.75
385 30 0.79
30 397 0.19
397 30 0.66
31 56 0.05
56 31 0.65
31 146 0.69
146 31 0.96
31 252 0.32
252 31 0.54
31 295 0.15
295 31 0.78
31 346 0.08
346 31 0.11
32 36 0.53
36 32 0.06
32 38 0.14
38 32 0.36
32 107 0.99
107 32 0.78
32 141 0.57
141 32 0.25
32 169 0.43
169 32 0.88
32 179 0.47
179 32 0.73
32 359 0.86
359 32 0.22
32 366 0.88
366 32 0.47
33 34 0.99
34 33 0.06
33 39 0.05
39 33 0.54
33 43 0.69
43 33 0.76
33 52 0.85
52 33 0.21
33 79 0.68
79 33 0.7
33 98 0.12
98 33 0.69
33 100 0.39
100 33 0.28
33 158 0.38
158 33 0.44
33 166 0.38
166 33 0.85
33 176 0.2
176 33 0.32
33 186 0.23
186 33 0.44
33 190 0.6
190 33 0.1
33 198 0.3
198 33 0.93
33 215 0.63
215 33 0.7
33 226 0.7
226 33 0.82
33 232 0.09
232 33 0.27
33 238 0.7
238 33 0.25
33 253 0.95
253 33 0.2
33 278 0.38
278 33 0.55
33 309 0.39
309 33 0.86
33 355 0.39
355 33 0.58
33 391 0.14
391 33 0.21
33 392 0.29
392 33 0.96
34 74 0.07
74 34 0.26
34 103 0.31
103 34 0.12
34 165 0.89
165 34 0.36
34 214 0.11
214 34 0.25
34 221 0.6
221 34 0.58
34 265 0.78
265 34 0.07
34 323 0.33
323 34 0.56
35 195 0.84
195 35 0.36
35 244 0.56
244 35 0.05
36 56 0.84
56 36 0.4
36 59 0.34
59 36 0.0
36 102 0.04
102 36 0.63
36 131 0.18
131 36 0.22
36 148 0.24
148 36 0.08
36 150 0.5
150 36 0.0
36 160 0.03
160 36 0.06
36 178 0.14
178 36 0.54
36 197 0.12
197 36 0.69
36 202 0.06
202 36 0.68
36 258 0.17
258 36 0.2
36 317 0.97
317 36 0.69
36 336 0.63
336 36 0.83
36 369 0.47
369 36 0.07
37 55 0.98
55 37 0.89
37 69 0.86
69 37 0.14
37 218 0.88
218 37 0.24
37 276 0.44
276 37 0.51
37 364 0.54
364 37 0.24
38 47 0.16
47 38 0.68
38 156 0.39
156 38 1.0
38 254 0.86
254 38 0.05
38 268 0.38
268 38 0.19
39 43 0.8
43 39 0.0
39 54 0.04
54 39 0.44
39 151 0.89
151 39 0.92
39 260 0.54
260 39 0.9
39 353 0.29
353 39 0.63
40 60 0.52
60 40 0.76
40 65 0.28
65 40 0.3
40 81 0.15
81 40 0.77
40 85 0.92
85 40 0.94
40 120 0.57
120 40 0.12
40 160 0.47
160 40 0.44
40 208 0.72
208 40 0.41
40 225 0.73
225 40 0.05
40 235 0.93
235 40 0.0
40 249 0.49
249 40 0.48
40 321 0.57
321 40 0.41
40 366 0.69
366 40 0.44
41 221 0.69
221 41 0.15
41 245 0.76
245 41 0.08
41 271 0.6
271 41 0.88
41 292 0.88
292 41 0.92
42 71 0.42
71 42 0.15
42 116 0.93
116 42 0.02
42 118 0.62
118 42 0.37
42 141 0.44
141 42 0.41
42 158 0.24
158 42 0.81
42 239 0.87
239 42 0.88
42 273 0.8
273 42 0.81
42 277 0.74
277 42 0.48
42 284 0.63
284 42 0.25
42 294 0.74
294 42 0.84
42 389 0.35
389 42 0.52
43 73 0.17
73 43 0.53
43 134 0.04
134 43 0.18
44 116 0.6
116 44 0.1
44 137 0.12
137 44 0.69
44 138 0.61
138 44 0.44
44 188 0.34
188 44 0.13
45 80 0.46
80 45 0.54
45 124 0.33
124 45 0.96
46 84 0.97
84 46 0.54
46 85 0.92
85 46 0.03
46 94 0.02
94 46 0.02
46 129 0.0
129 46 0.32
46 155 0.15
155 46 0.48
46 171 0.36
171 46 0.85
46 201 0.14
201 46 0.49
46 285 0.87
285 46 0.55
46 327 0.23
327 46 0.45
46 394 0.56
394 46 0.62
47 103 0.38
103 47 0.74
47 172 0.49
172 47 0.81
47 241 0.02
241 47 0.5
47 267 0.55
267 47 0.19
48 106 0.02
106 48 0.73
49 57 0.39
57 49 0.55
49 62 0.77
62 49 0.38
49 67 0.05
67 49 0.29
49 124 0.37
124 49 0.39
49 202 0.18
202 49 0.33
49 233 0.14
233 49 0.56
49 235 0.54
235 49 0.83
49 285 0.83
285 49 0.77
49 365 0.73
365 49 0.7
50 82 0.79
82 50 0.02
50 85 0.62
85 50 0.85
50 236 0.67
236 50 0.51
50 370 0.38
370 50 0.8
51 106 0.31
106 51 0.01
51 228 0.48
228 51 0.44
51 276 0.42
276 51 0.38
51 297 0.55
297 51 0.93
51 382 0.79
382 51 0.44
52 54 0.45
54 52 0.98
52 58 0.26
58 52 0.73
52 61 0.0
61 52 0.06
52 65 0.9
65 52 0.99
52 75 0.64
75 52 0.36
52 97 0.59
97 52 0.5
52 109 0.97
109 52 0.06
52 146 0.26
146 52 0.1
52 168 0.88
168 52 0.87
52 216 0.39
216 52 0.29
52 222 0.65
222 52 0.79
52 277 0.62
277 52 0.52
52 289 0.75
289 52 0.94
52 307 0.6
307 52 0.3
52 339 0.87
339 52 0.11
52 358 0.33
358 52 0.8
53 126 0.51
126 53 0.75
53 374 0.33
374 53 0.35
54 100 0.23
100 54 0.87
54 187 0.84
187 54 0.64
54 194 0.5
194 54 0.82
54 219 0.65
219 54 0.46
54 326 0.14
326 54 0.68
55 63 0.94
63 55 0.96
55 209 0.92
209 55 0.78
55 244 0.35
244 55 0.29
55 391 0.94
391 55 0.46
56 105 0.64
105 56 0.16
56 212 0.22
212 56 0.65
56 294 0.01
294 56 0.92
57 265 0.55
265 57 0.67
57 281 0.42
281 57 0.96
58 122 0.38
122 58 0.96
58 386 0.59
386 58 0.14
59 354 0.3
354 59 0.71
59 382 0.18
382 59 0.18
60 93 0.85
93 60 0.36
60 176 0.17
176 60 0.67
60 187 0.12
187 60 0.16
60 196 0.05
196 60 0.39
60 207 0.73
207 60 0.42
60 214 0.73
214 60 0.62
60 243 0.71
243 60 0.9
60 269 0.43
269 60 0.12
60 284 0.88
284 60 0.8
60 344 0.6
344 60 0.42
60 378 0.91
378 60 0.46
60 391 0.82
391 60 0.32
61 120 0.45
120 61 0.82
61 131 0.7
131 61 0.23
61 157 0.06
157 61 0.3
61 203 0.76
203 61 0.85
61 291 0.58
291 61 0.15
61 352 0.23
352 61 0.38
62 138 0.94
138 62 0.93
62 231 0.7
231 62 0.52
62 397 0.04
397 62 0.71
63 66 0.64
66 63 0.04
63 90 0.08
90 63 0.64
63 91 0.05
91 63 0.78
63 167 0.87
167 63 0.6
63 186 0.63
186 63 0.42
63 192 0.32
192 63 0.98
63 230 0.37
230 63 0.98
63 351 0.76
351 63 0.56
64 92 0.23
92 64 0.77
65 83 0.41
83 65 0.38
65 111 0.94
111 65 0.73
65 125 0.84
125 65 0.93
65 141 0.15
141 65 0.65
65 143 0.27
143 65 0.78
65 169 0.73
169 65 0.18
65 246 0.91
246 65 0.68
65 269 0.8
269 65 0.29
65 277 0.8
277 65 0.34
65 322 0.31
322 65 0.89
65 343 0.03
343 65 0.17
65 377 0.26
377 65 0.12
66 134 0.4
134 66 0.62
67 99 0.46
99 67 0.71
67 114 0.7
114 67 0.25
67 161 0.06
161 67 0.45
67 249 0.02
249 67 0.61
67 315 0.72
315 67 0.96
67 327 0.05
327 67 0.53
67 341 0.96
341 67 0.41
68 77 0.59
77 68 0.5
68 96 0.31
96 68 0.68
68 110 0.24
110 68 0.53
68 144 0.33
144 68 0.68
68 180 0.09
180 68 0.16
68 291 0.89
291 68 0.96
68 388 0.77
388 68 0.8
69 78 0.65
78 69 0.22
69 91 0.84
91 69 0.83
70 88 0.83
88 70 0.64
70 136 0.16
136 70 0.62
70 207 0.57
207 70 0.89
70 336 0.33
336 70 0.06
70 368 0.28
368 70 0.99
71 82 0.73
82 71 0.19
71 97 0.46
97 71 0.57
71 99 0.51
99 71 0.02
71 156 0.86
156 71 0.76
71 182 0.15
182 71 0.99
71 376 0.2
376 71 0.45
72 80 0.74
80 72 0.65
72 245 0.41
245 72 0.99
73 95 0.2
95 73 0.14
74 181 0.72
181 74 0.04
74 251 0.77
251 74 0.3
74 256 0.28
256 74 0.55
74 299 0.23
299 74 0.29
74 392 0.33
392 74 0.56
75 99 0.48
99 75 0.81
75 225 0.58
225 75 0.22
75 233 0.08
233 75 0.68
75 246 0.23
246 75 0.08
75 363 0.53
363 75 0.41
76 83 0.48
83 76 0.33
76 184 0.32
184 76 0.11
76 351 0.59
351 76 0.63
76 354 0.14
354 76 0.51
76 369 0.09
369 76 0.46
78 89 0.63
89 78 0.36
78 146 0.37
146 78 0.91
78 179 0.5
179 78 0.13
78 189 0.59
189 78 0.33
78 234 0.21
234 78 0.26
78 334 0.12
334 78 0.89
78 374 0.04
374 78 0.86
78 389 0.57
389 78 0.5
79 125 0.3
125 79 0.6
79 161 0.71
161 79 0.97
79 241 0.95
241 79 0.28
79 261 0.35
261 79 0.81
79 369 0.89
369 79 0.82
79 379 0.66
379 79 0.83
80 174 0.22
174 80 0.39
80 264 0.58
264 80 0.12
80 346 0.1
346 80 0.75
81 95 0.84
95 81 0.61
81 117 0.75
117 81 0.78
81 154 0.22
154 81 0.4
81 198 0.59
198 81 0.69
81 324 0.24
324 81 0.06
81 337 0.19
337 81 0.31
82 140 0.02
140 82 0.27
82 172 0.62
172 82 0.88
82 177 0.02
177 82 0.05
82 267 0.27
267 82 0.92
82 308 0.97
308 82 0.15
82 333 0.49
333 82 0.84
82 398 0.12
398 82 0.53
83 127 0.78
127 83 0.97
84 86 0.5
86 84 0.69
84 333 0.33
333 84 0.12
85 350 0.76
350 85 0.66
86 156 0.15
156 86 0.96
86 203 0.63
203 86 0.27
86 205 0.63
205 86 0.77
86 247 0.54
247 86 0.83
86 379 0.5
379 86 0.24
87 88 0.07
88 87 0.23
87 95 0.14
95 87 0.45
87 203 0.05
203 87 0.47
87 212 0.75
212 87 0.8
87 215 0.92
215 87 0.78
87 242 0.22
242 87 0.6
87 260 0.78
260 87 0.09
87 276 0.77
276 87 0.7
87 278 0.88
278 87 0.26
90 135 0.12
135 90 0.44
90 239 0.46
239 90 0.78
91 140 0.63
140 91 0.72
92 115 0.52
115 92 0.34
92 195 0.11
195 92 0.72
92 376 0.45
376 92 0.59
93 246 0.45
246 93 0.67
95 107 0.75
107 95 0.05
95 111 0.63
111 95 0.08
95 168 0.16
168 95 0.46
96 190 0.69
190 96 0.94
96 320 0.41
320 96 0.23
97 171 0.23
171 97 0.47
97 262 0.04
262 97 0.43
97 279 0.66
279 97 0.47
97 296 0.26
296 97 0.68
97 316 0.37
316 97 0.42
99 283 0.92
283 99 0.9
100 129 0.62
129 100 0.19
100 170 0.11
170 100 0.96
100 374 0.91
374 100 0.79
101 153 0.92
153 101 0.26
102 314 0.21
314 102 0.66
103 117 0.14
117 103 0.43
104 222 0.29
222 104 0.69
104 302 0.86
302 104 0.19
104 362 0.69
362 104 0.63
104 395 0.99
395 104 0.85
105 184 0.11
184 105 0.8
105 282 0.44
282 105 0.84
105 299 0.79
299 105 0.17
106 149 0.5
149 106 0.73
106 261 0.74
261 106 0.67
106 349 0.52
349 106 0.52
107 173 0.92
173 107 0.56
107 221 0.23
221 107 0.61
107 357 0.33
357 107 0.32
107 389 0.8
389 107 0.47
108 220 0.37
220 108 0.14
108 252 0.11
252 108 0.61
108 255 0.82
255 108 0.32
108 288 0.83
288 108 0.98
108 306 0.49
306 108 0.38
109 121 0.76
121 109 0.55
109 256 0.17
256 109 0.06
109 324 0.06
324 109 0.31
110 229 0.48
229 110 0.99
111 186 0.78
186 111 0.07
113 155 0.45
155 113 0.9
113 398 0.15
398 113 0.98
114 130 0.96
130 114 0.34
114 134 0.93
134 114 0.79
114 145 0.85
145 114 0.49
114 373 0.12
373 114 0.66
114 375 0.94
375 114 0.23
115 158 0.25
158 115 0.09
115 202 0.1
202 115 0.92
117 192 0.97
192 117 0.31
117 272 0.83
272 117 0.46
119 229 0.62
229 119 0.08
119 273 0.46
273 119 0.03
119 300 0.6
300 119 0.68
119 396 0.54
396 119 0.81
120 131 0.92
131 120 0.88
120 162 0.57
162 120 0.54
120 327 0.73
327 120 0.72
120 357 0.13
357 120 0.54
121 150 0.36
150 121 0.11
121 293 0.98
293 121 0.33
121 378 0.98
378 121 0.12
122 208 0.91
208 122 0.23
123 157 0.98
157 123 0.32
123 199 0.37
199 123 0.18
123 288 0.45
288 123 0.87
125 132 0.15
132 125 0.51
125 133 0.05
133 125 0.97
125 218 0.97
218 125 0.09
125 227 0.44
227 125 0.44
126 160 0.18
160 126 0.55
126 208 0.53
208 126 0.5
126 223 0.04
223 126 0.19
126 259 0.4
259 126 0.49
126 347 0.59
347 126 0.09
127 319 0.17
319 127 0.47
127 330 0.72
330 127 0.94
128 147 0.41
147 128 0.57
129 139 0.07
139 129 0.44
129 178 0.59
178 129 0.18
129 226 0.74
226 129 0.89
129 266 0.68
266 129 0.39
129 306 0.36
306 129 0.78
129 368 0.28
368 129 0.07
130 240 0.46
240 130 0.29
130 335 0.1
335 130 0.39
131 173 0.41
173 131 0.8
131 235 0.47
235 131 0.24
131 258 0.22
258 131 0.52
131 373 0.34
373 131 0.36
132 330 0.59
330 132 0.33
133 157 0.66
157 133 0.26
133 200 0.1
200 133 0.43
133 234 0.18
234 133 0.97
133 238 0.29
238 133 0.51
133 257 0.19
257 133 0.89
133 269 0.08
269 133 0.73
133 275 0.62
275 133 0.79
133 302 0.05
302 133 0.01
133 377 0.79
377 133 0.34
133 392 0.45
392 133 0.64
134 140 0.63
140 134 0.58
134 263 0.38
263 134 0.96
135 271 0.15
271 135 0.68
135 290 0.69
290 135 0.59
136 147 0.99
147 136 0.67
136 289 0.3
289 136 0.43
137 144 0.43
144 137 0.49
137 197 0.4
197 137 0.46
137 301 0.83
301 137 0.11
137 321 0.39
321 137 0.09
137 363 0.08
363 137 0.0
137 390 0.16
390 137 0.05
139 204 0.58
204 139 0.99
140 259 0.49
259 140 0.06
140 360 0.54
360 140 0.95
141 198 0.94
198 141 0.66
141 204 0.78
204 141 0.37
141 341 0.17
341 141 0.07
142 317 0.6
317 142 0.59
142 390 0.79
390 142 0.81
143 223 0.53
223 143 0.11
143 328 0.41
328 143 0.75
143 344 0.74
344 143 0.39
143 371 0.33
371 143 0.65
144 183 0.01
183 144 0.3
144 254 0.23
254 144 0.84
144 257 0.63
257 144 0.01
144 287 0.03
287 144 0.72
144 326 0.21
326 144 0.11
145 211 0.73
211 145 0.59
145 231 0.18
231 145 0.86
145 307 0.59
307 145 0.49
147 211 0.67
211 147 0.65
148 286 0.43
286 148 0.15
149 197 0.68
197 149 0.1
149 250 0.44
250 149 0.36
149 313 0.94
313 149 0.69
150 154 0.63
154 150 0.68
150 189 0.76
189 150 0.81
150 280 0.06
280 150 0.26
151 310 0.4
310 151 0.96
153 243 0.32
243 153 0.96
153 278 0.48
278 153 0.4
153 393 0.84
393 153 0.73
154 220 0.38
220 154 0.95
156 170 0.43
170 156 0.31
157 280 0.04
280 157 0.13
158 159 0.56
159 158 0.13
158 180 0.66
180 158 0.89
158 213 0.59
213 158 0.71
158 215 0.0
215 158 0.06
158 348 0.63
348 158 0.83
158 376 0.4
376 158 0.1
159 214 0.11
214 159 0.57
159 344 0.3
344 159 0.74
161 303 0.38
303 161 0.62
161 387 0.79
387 161 0.27
164 181 0.96
181 164 0.03
165 351 0.48
351 165 0.83
165 356 0.21
356 165 0.26
166 361 0.86
361 166 0.49
168 205 0.53
205 168 0.47
168 364 0.91
364 168 0.59
169 242 0.07
242 169 0.63
170 189 0.78
189 170 0.76
170 236 0.77
236 170 0.62
170 318 0.63
318 170 0.89
171 281 0.12
281 171 0.78
171 365 0.56
365 171 0.6
172 175 0.66
175 172 0.05
172 216 0.46
216 172 0.63
172 283 0.94
283 172 0.89
172 387 0.4
387 172 0.66
173 312 0.76
312 173 0.21
177 185 0.39
185 177 0.27
177 253 0.79
253 177 0.72
177 355 0.01
355 177 0.66
178 216 0.93
216 178 0.01
178 217 0.32
217 178 0.35
178 384 0.53
384 178 0.64
181 213 0.95
213 181 0.3
181 303 0.52
303 181 0.41
182 318 0.06
318 182 0.28
183 360 0.68
360 183 0.56
184 199 0.36
199 184 0.48
184 205 0.9
205 184 0.25
184 353 0.38
353 184 0.46
188 249 0.45
249 188 0.24
188 296 0.35
296 188 0.94
188 320 0.23
320 188 0.17
188 332 0.31
332 188 0.61
189 268 0.83
268 189 0.6
191 248 0.8
248 191 0.87
192 201 0.45
201 192 0.58
192 237 0.98
237 192 0.75
192 263 0.76
263 192 0.8
195 239 0.63
239 195 0.82
195 328 0.2
328 195 0.95
197 210 0.29
210 197 0.81
197 304 0.06
304 197 0.36
198 251 0.72
251 198 0.55
200 399 0.35
399 200 0.8
202 347 0.05
347 202 0.09
204 292 0.32
292 204 0.95
205 380 0.53
380 205 0.72
206 227 0.57
227 206 0.94
206 259 0.08
259 206 0.53
207 224 0.19
224 207 0.92
208 217 0.37
217 208 0.17
209 219 0.41
219 209 0.62
209 379 0.42
379 209 0.04
210 311 0.87
311 210 0.97
210 372 0.1
372 210 0.48
211 380 0.35
380 211 0.08
212 275 0.02
275 212 0.8
213 294 0.19
294 213 0.6
213 310 0.84
310 213 0.39
215 263 0.79
263 215 0.86
215 307 0.62
307 215 0.6
215 387 0.51
387 215 0.43
216 302 0.27
302 216 0.23
216 303 0.83
303 216 0.54
217 372 0.79
372 217 0.37
219 261 0.9
261 219 0.61
222 314 0.08
314 222 0.28
223 381 0.42
381 223 0.36
224 274 0.78
274 224 0.72
226 282 0.7
282 226 0.33
227 338 0.53
338 227 0.34
228 266 0.54
266 228 0.71
228 348 0.1
348 228 0.8
230 365 0.49
365 230 0.12
233 340 0.26
340 233 0.01
234 254 0.03
254 234 1.0
235 329 0.95
329 235 0.75
235 352 0.79
352 235 0.26
236 334 0.23
334 236 0.85
236 361 0.83
361 236 0.78
236 398 0.4
398 236 0.81
238 283 0.71
283 238 0.09
238 341 0.83
341 238 0.11
239 300 0.73
300 239 0.47
241 267 0.76
267 241 0.17
241 371 0.08
371 241 0.41
241 393 0.11
393 241 1.0
242 298 0.01
298 242 0.0
242 308 0.47
308 242 0.67
242 364 0.12
364 242 0.28
243 250 0.29
250 243 0.37
245 274 0.78
274 245 0.04
245 299 0.2
299 245 0.04
246 342 0.74
342 246 0.49
251 296 0.16
296 251 0.93
252 279 0.06
279 252 0.71
252 290 0.19
290 252 0.55
253 305 0.66
305 253 0.23
256 322 0.17
322 256 0.3
258 325 0.65
325 258 0.9
259 345 0.64
345 259 0.88
259 396 0.69
396 259 0.89
261 356 0.17
356 261 0.49
266 345 0.27
345 266 0.06
267 295 0.99
295 267 0.03
267 324 0.21
324 267 0.94
268 281 0.45
281 268 0.19
268 292 0.24
292 268 0.19
268 382 0.03
382 268 0.58
270 284 0.7
284 270 0.95
272 312 0.26
312 272 0.62
273 346 0.86
346 273 0.11
276 321 0.71
321 276 0.08
279 332 0.95
332 279 0.41
283 338 0.7
338 283 0.43
287 313 0.85
313 287 0.1
288 336 0.28
336 288 0.82
288 367 0.67
367 288 0.26
288 383 0.6
383 288 0.9
289 349 0.9
349 289 0.01
296 304 0.37
304 296 0.07
296 352 0.66
352 296 0.5
307 331 0.28
331 307 0.74
308 390 0.34
390 308 0.03
310 359 0.77
359 310 0.91
312 359 0.52
359 312 0.75
316 343 0.31
343 316 0.89
319 330 0.84
330 319 0.53
319 333 0.99
333 319 0.9
320 386 0.64
386 320 0.94
325 331 0.23
331 325 0.78
326 380 0.18
380 326 0.01
332 353 0.54
353 332 0.85
334 361 0.36
361 334 0.08
336 342 0.6
342 336 0.82
337 355 0.89
355 337 0.3
351 383 0.03
383 351 0.01
352 366 0.54
366 352 0.11
352 385 0.88
385 352 0.45
380 399 0.59
399 380 0.04
381 383 0.93
383 381 0.41
