0 1 0.15
1 0 0.13
0 2 0.09
2 0 0.52
0 3 0.29
3 0 0.93
0 4 0.71
4 0 0.39
0 5 0.26
5 0 0.99
0 6 0.49
6 0 0.79
0 7 0.1
7 0 0.71
0 8 0.6
8 0 0.91
0 11 0.74
11 0 0.71
0 13 0.67
13 0 0.33
0 17 0.42
17 0 0.78
0 22 0.01
22 0 0.04
0 24 0.93
24 0 0.08
0 31 0.16
31 0 0.34
0 46 0.97
46 0 0.94
0 60 0.43
60 0 0.92
0 64 0.02
64 0 0.03
0 79 0.57
79 0 0.46
0 88 0.92
88 0 0.86
0 113 0.2
113 0 0.79
0 130 0.75
130 0 0.33
0 136 0.55
136 0 0.56
0 140 0.02
140 0 0.33
0 146 0.17
146 0 0.47
0 150 0.41
150 0 0.7
0 153 0.9
153 0 0.28
0 156 0.69
156 0 0.36
0 165 0.56
165 0 0.4
0 167 0.49
167 0 0.64
0 174 0.78
174 0 0.78
0 182 0.5
182 0 0.66
0 183 0.8
183 0 0.07
0 187 0.3
187 0 0.61
0 199 0.58
199 0 0.18
0 209 0.47
209 0 0.33
0 213 0.99
213 0 0.33
0 249 0.54
249 0 0.44
0 280 0.41
280 0 0.68
0 282 0.57
282 0 0.72
0 297 0.0
297 0 0.01
0 312 0.76
312 0 1.0
0 325 0.73
325 0 0.64
0 330 0.93
330 0 0.1
0 355 0.54
355 0 0.52
0 367 0.46
367 0 0.05
0 383 0.09
383 0 0.02
0 393 0.98
393 0 0.76
0 413 0.77
413 0 0.82
0 419 0.22
419 0 0.72
0 424 0.49
424 0 0.54
0 448 0.28
448 0 0.08
0 480 0.76
480 0 0.05
0 486 0.46
486 0 0.09
1 0 0.31
0 1 0.82
1 4 0.34
4 1 0.54
1 5 0.6
5 1 0.92
1 6 0.73
6 1 0.26
1 8 0.13
8 1 0.28
1 9 0.65
9 1 0.24
1 11 0.83
11 1 0.26
1 14 0.41
14 1 0.25
1 20 0.2
20 1 0.64
1 22 0.84
22 1 0.16
1 29 0.18
29 1 0.46
1 32 0.8
32 1 0.44
1 35 0.36
35 1 0.51
1 48 0.47
48 1 0.84
1 58 0.09
58 1 0.88
1 85 0.75
85 1 0.04
1 134 0.4
134 1 0.53
1 157 0.97
157 1 0.44
1 179 0.07
179 1 0.17
1 181 0.94
181 1 0.44
1 183 0.09
183 1 0.59
1 184 0.45
184 1 0.27
1 194 0.31
194 1 0.62
1 197 0.64
197 1 0.93
1 231 0.54
231 1 0.55
1 233 0.09
233 1 0.94
1 272 0.36
272 1 0.67
1 285 0.29
285 1 0.47
1 405 0.39
405 1 0.55
1 418 0.71
418 1 0.73
1 440 0.03
440 1 0.5
1 462 0.18
462 1 0.45
1 467 0.76
467 1 0.71
1 468 0.13
468 1 0.6
1 482 0.99
482 1 0.94
1 493 0.64
493 1 0.21
2 0 0.86
0 2 0.97
2 4 0.33
4 2 0.47
2 36 0.3
36 2 0.44
2 45 0.56
45 2 0.73
2 47 0.32
47 2 0.07
2 56 0.5
56 2 0.66
2 93 0.07
93 2 0.01
2 166 0.77
166 2 0.64
2 236 0.13
236 2 0.91
2 314 0.41
314 2 0.13
2 386 0.02
386 2 0.69
2 396 0.1
396 2 0.41
3 0 0.7
0 3 0.41
3 15 0.35
15 3 0.12
3 20 0.32
20 3 0.48
3 26 0.25
26 3 0.3
3 58 0.81
58 3 0.01
3 80 0.01
80 3 0.64
3 83 0.81
83 3 0.39
3 99 0.61
99 3 0.77
3 154 0.95
154 3 0.23
3 159 0.12
159 3 0.45
3 169 0.13
169 3 0.83
3 184 0.3
184 3 0.81
3 193 0.98
193 3 0.07
3 195 0.84
195 3 0.59
3 244 0.01
244 3 0.41
3 267 0.38
267 3 0.91
3 295 0.34
295 3 0.78
3 322 0.28
322 3 0.1
3 376 0.28
376 3 0.31
3 432 0.22
432 3 0.81
3 440 0.7
440 3 0.22
3 456 0.9
456 3 0.75
3 467 0.16
467 3 0.74
4 0 0.56
0 4 0.85
4 1 0.47
1 4 0.38
4 2 0.14
2 4 0.08
4 5 0.27
5 4 0.04
4 7 0.22
7 4 0.67
4 14 0.94
14 4 0.3
4 21 0.6
21 4 0.63
4 25 0.77
25 4 0.92
4 34 0.13
34 4 0.78
4 54 0.54
54 4 0.34
4 69 0.07
69 4 0.49
4 88 0.56
88 4 0.2
4 90 0.4
90 4 1.0
4 108 0.4
108 4 0.3
4 114 0.6
114 4 0.05
4 120 0.48
120 4 0.74
4 135 0.91
135 4 0.46
4 151 0.05
151 4 0.07
4 154 0.25
154 4 0.26
4 164 0.55
164 4 0.04
4 186 0.29
186 4 0.26
4 201 0.81
201 4 0.21
4 204 0.64
204 4 0.78
4 214 0.1
214 4 0.43
4 222 0.48
222 4 0.74
4 231 0.37
231 4 0.14
4 235 0.89
235 4 0.68
4 250 0.28
250 4 0.05
4 255 0.82
255 4 0.01
4 273 0.07
273 4 0.36
4 290 0.89
290 4 0.16
4 300 0.86
300 4 0.99
4 304 0.26
304 4 0.02
4 307 0.43
307 4 0.51
4 311 0.01
311 4 0.43
4 319 0.92
319 4 0.73
4 346 0.69
346 4 0.58
4 387 0.35
387 4 0.28
4 398 0.79
398 4 0.1
4 402 0.05
402 4 0.78
4 422 0.21
422 4 0.87
4 429 0.27
429 4 0.05
4 469 0.25
469 4 0.55
5 0 0.84
0 5 0.05
5 1 0.08
1 5 0.13
5 4 0.07
4 5 0.72
5 6 0.64
6 5 0.46
5 8 0.12
8 5 0.12
5 10 0.55
10 5 0.94
5 12 0.13
12 5 0.43
5 18 0.24
18 5 0.84
5 25 0.55
25 5 0.18
5 28 0.63
28 5 0.94
5 31 0.21
31 5 0.24
5 33 0.22
33 5 0.85
5 37 1.0
37 5 0.81
5 47 0.67
47 5 0.74
5 48 0.73
48 5 0.18
5 55 0.86
55 5 0.68
5 61 0.19
61 5 0.6
5 62 0.89
62 5 0.87
5 63 0.73
63 5 0.84
5 67 0.63
67 5 0.5
5 69 0.06
69 5 0.26
5 80 0.31
80 5 0.13
5 82 0.55
82 5 0.57
5 85 0.03
85 5 0.83
5 87 0.58
87 5 0.3
5 88 0.84
88 5 0.33
5 92 0.36
92 5 0.37
5 95 0.97
95 5 0.56
5 96 0.66
96 5 0.89
5 100 0.31
100 5 0.82
5 120 0.72
120 5 0.73
5 127 0.48
127 5 0.28
5 133 0.91
133 5 0.81
5 201 0.16
201 5 0.61
5 203 0.66
203 5 0.86
5 205 0.51
205 5 0.91
5 211 0.34
211 5 0.74
5 222 0.82
222 5 0.55
5 223 0.86
223 5 0.94
5 225 0.88
225 5 0.12
5 227 0.04
227 5 0.02
5 238 0.99
238 5 0.52
5 270 0.52
270 5 0.76
5 286 0.31
286 5 0.92
5 321 0.05
321 5 0.96
5 333 0.57
333 5 0.29
5 345 0.02
345 5 0.73
5 353 0.78
353 5 0.73
5 362 0.05
362 5 0.39
5 376 0.68
376 5 0.98
5 377 0.15
377 5 0.62
5 378 0.68
378 5 0.5
5 398 0.19
398 5 0.68
5 439 0.31
439 5 0.18
5 445 0.23
445 5 0.48
5 464 0.49
464 5 0.66
5 482 0.0
482 5 0.17
5 496 0.51
496 5 0.08
6 0 0.75
0 6 0.84
6 1 0.22
1 6 0.68
6 5 0.94
5 6 0.79
6 7 0.58
7 6 0.07
6 9 0.27
9 6 0.24
6 10 0.85
10 6 0.1
6 11 0.57
11 6 0.28
6 12 0.39
12 6 0.94
6 13 0.77
13 6 0.22
6 16 0.94
16 6 0.67
6 18 0.29
18 6 0.34
6 69 0.11
69 6 0.21
6 70 0.5
70 6 0.25
6 71 0.93
71 6 0.2
6 73 0.08
73 6 0.32
6 77 0.65
77 6 0.4
6 126 0.02
126 6 0.87
6 161 0.82
161 6 0.84
6 188 0.59
188 6 1.0
6 204 0.86
204 6 0.32
6 215 0.98
215 6 0.29
6 237 0.29
237 6 0.06
6 258 0.66
258 6 0.44
6 260 0.83
260 6 0.66
6 358 0.68
358 6 0.04
6 371 0.45
371 6 0.18
6 394 0.23
394 6 0.54
6 414 0.62
414 6 0.6
6 449 0.97
449 6 0.74
6 489 0.67
489 6 0.38
6 499 0.95
499 6 0.62
7 0 0.56
0 7 0.43
7 4 0.65
4 7 0.62
7 6 0.95
6 7 0.76
7 9 0.08
9 7 0.94
7 19 0.01
19 7 0.34
7 27 0.13
27 7 0.64
7 42 0.8
42 7 0.25
7 44 0.39
44 7 0.79
7 49 0.76
49 7 0.08
7 68 0.77
68 7 0.15
7 75 0.01
75 7 0.28
7 82 0.55
82 7 0.45
7 86 0.54
86 7 0.66
7 101 0.79
101 7 0.72
7 103 0.27
103 7 0.88
7 113 0.41
113 7 0.3
7 116 0.67
116 7 0.64
7 119 0.22
119 7 0.28
7 125 0.6
125 7 0.61
7 143 0.87
143 7 0.55
7 147 0.95
147 7 0.6
7 162 0.04
162 7 0.26
7 186 0.44
186 7 0.66
7 191 0.5
191 7 0.99
7 236 0.93
236 7 0.21
7 260 0.23
260 7 0.9
7 262 0.25
262 7 0.58
7 282 0.73
282 7 0.89
7 289 0.67
289 7 0.05
7 291 0.39
291 7 0.99
7 310 0.4
310 7 0.18
7 323 0.04
323 7 0.33
7 328 1.0
328 7 0.69
7 357 0.5
357 7 0.49
7 372 0.49
372 7 0.21
7 451 0.97
451 7 0.63
8 0 0.8
0 8 0.19
8 1 0.6
1 8 0.74
8 5 0.65
5 8 0.55
8 13 0.14
13 8 0.12
8 15 0.62
15 8 0.47
8 23 0.62
23 8 0.86
8 24 0.23
24 8 0.27
8 37 0.78
37 8 0.54
8 45 0.36
45 8 0.51
8 49 0.65
49 8 0.01
8 53 0.29
53 8 0.64
8 100 0.71
100 8 0.08
8 170 0.44
170 8 0.55
8 217 0.04
217 8 0.82
8 235 0.57
235 8 0.98
8 259 0.46
259 8 0.57
8 264 0.67
264 8 0.46
8 273 0.83
273 8 0.77
8 325 0.97
325 8 0.67
8 346 0.96
346 8 0.19
8 348 0.51
348 8 0.53
8 369 0.11
369 8 0.18
8 382 0.79
382 8 0.96
8 392 0.49
392 8 0.69
8 413 0.91
413 8 0.98
8 421 0.84
421 8 0.25
8 490 0.71
490 8 0.72
9 1 0.67
1 9 0.26
9 6 0.03
6 9 0.1
9 7 0.02
7 9 0.39
9 10 0.25
10 9 0.59
9 12 0.36
12 9 0.06
9 14 0.29
14 9 0.85
9 20 0.77
20 9 0.42
9 21 0.54
21 9 0.57
9 27 0.34
27 9 0.39
9 32 0.53
32 9 0.16
9 34 0.73
34 9 0.14
9 39 0.19
39 9 0.94
9 41 0.05
41 9 0.86
9 42 0.88
42 9 0.42
9 73 0.28
73 9 0.75
9 83 0.38
83 9 0.62
9 92 0.65
92 9 0.02
9 99 0.44
99 9 0.56
9 107 0.93
107 9 0.41
9 118 0.38
118 9 0.12
9 122 0.11
122 9 0.07
9 126 0.2
126 9 0.65
9 164 0.84
164 9 0.89
9 187 0.14
187 9 0.73
9 188 0.23
188 9 0.39
9 198 0.75
198 9 0.05
9 258 0.99
258 9 0.06
9 267 0.53
267 9 0.16
9 287 0.75
287 9 0.96
9 318 0.89
318 9 0.63
9 332 0.43
332 9 0.12
9 339 0.48
339 9 0.98
9 391 0.83
391 9 0.06
9 407 0.33
407 9 0.31
9 416 0.68
416 9 0.16
9 417 0.7
417 9 0.17
9 474 0.69
474 9 0.35
10 5 0.81
5 10 0.71
10 6 0.33
6 10 0.44
10 9 0.99
9 10 0.21
10 22 0.1
22 10 0.18
10 28 0.02
28 10 0.71
10 30 0.23
30 10 0.32
10 42 0.87
42 10 0.19
10 44 0.61
44 10 0.38
10 50 0.21
50 10 0.8
10 54 0.06
54 10 0.08
10 55 0.19
55 10 0.77
10 56 0.65
56 10 0.3
10 59 0.48
59 10 0.69
10 61 0.77
61 10 0.38
10 77 0.51
77 10 0.17
10 81 0.68
81 10 0.58
10 90 0.77
90 10 0.04
10 101 0.12
101 10 0.9
10 110 0.84
110 10 0.88
10 111 0.1
111 10 0.99
10 114 0.34
114 10 0.45
10 122 0.08
122 10 0.81
10 123 0.17
123 10 0.99
10 171 0.08
171 10 0.88
10 182 0.77
182 10 0.86
10 185 0.49
185 10 0.4
10 218 0.73
218 10 0.28
10 224 0.36
224 10 0.0
10 229 0.64
229 10 0.23
10 238 0.66
238 10 0.55
10 264 0.76
264 10 0.92
10 276 0.13
276 10 0.44
10 278 0.16
278 10 0.08
10 287 0.33
287 10 0.95
10 298 0.63
298 10 0.32
10 308 0.73
308 10 0.53
10 315 0.16
315 10 0.78
10 324 0.56
324 10 0.93
10 325 0.24
325 10 0.01
10 343 0.08
343 10 0.48
10 361 0.67
361 10 0.3
10 362 0.58
362 10 0.36
10 434 0.61
434 10 0.52
10 462 0.22
462 10 0.96
10 483 0.92
483 10 0.23
11 0 0.29
0 11 0.24
11 1 0.73
1 11 0.59
11 6 0.98
6 11 0.99
11 16 0.18
16 11 0.56
11 17 0.08
17 11 0.92
11 23 0.51
23 11 0.87
11 35 0.84
35 11 0.23
11 37 0.8
37 11 0.28
11 72 0.07
72 11 0.96
11 98 0.6
98 11 0.42
11 193 0.09
193 11 0.79
11 202 0.25
202 11 0.74
11 249 0.32
249 11 0.67
11 383 0.14
383 11 0.61
11 442 0.3
442 11 0.22
11 491 0.24
491 11 0.45
12 5 0.36
5 12 0.25
12 6 0.1
6 12 0.27
12 9 0.26
9 12 0.58
12 15 0.72
15 12 0.32
12 17 0.14
17 12 0.81
12 19 0.98
19 12 0.39
12 40 0.74
40 12 0.71
12 48 0.41
48 12 0.17
12 53 0.24
53 12 0.86
12 102 0.36
102 12 0.17
12 124 0.4
124 12 0.56
12 143 0.48
143 12 0.91
12 159 0.62
159 12 0.62
12 174 0.77
174 12 0.59
12 188 0.41
188 12 0.38
12 211 0.63
211 12 0.95
12 224 0.92
224 12 0.6
12 257 0.31
257 12 0.93
12 258 0.52
258 12 0.22
12 285 0.76
285 12 0.78
12 342 0.27
342 12 0.08
12 402 0.17
402 12 0.75
12 447 0.62
447 12 0.42
12 450 0.46
450 12 0.56
13 0 0.93
0 13 0.45
13 6 0.14
6 13 0.04
13 8 0.5
8 13 0.41
13 18 0.21
18 13 0.9
13 28 0.46
28 13 0.27
13 29 0.94
29 13 0.98
13 30 0.86
30 13 0.57
13 35 0.99
35 13 0.22
13 41 0.08
41 13 0.67
13 49 0.16
49 13 0.57
13 51 0.61
51 13 0.32
13 54 0.61
54 13 0.56
13 57 0.58
57 13 0.64
13 62 0.45
62 13 0.82
13 64 0.18
64 13 0.68
13 72 0.29
72 13 0.01
13 76 0.32
76 13 0.59
13 86 0.41
86 13 0.0
13 87 0.57
87 13 0.21
13 107 0.28
107 13 0.54
13 121 0.24
121 13 0.23
13 128 0.99
128 13 0.26
13 129 0.41
129 13 0.54
13 137 0.39
137 13 1.0
13 157 0.34
157 13 0.96
13 200 0.16
200 13 0.33
13 232 0.02
232 13 0.45
13 245 0.22
245 13 0.83
13 262 0.04
262 13 0.42
13 284 0.48
284 13 0.84
13 311 0.63
311 13 0.36
13 362 0.0
362 13 0.72
13 394 0.88
394 13 0.94
13 397 0.46
397 13 0.75
13 400 0.09
400 13 0.61
13 408 0.64
408 13 0.75
13 411 0.78
411 13 0.29
13 419 0.89
419 13 0.89
13 450 0.93
450 13 0.87
13 454 0.97
454 13 0.15
14 1 0.52
1 14 0.95
14 4 0.22
4 14 0.07
14 9 0.37
9 14 0.93
14 16 0.93
16 14 0.28
14 19 0.31
19 14 0.42
14 26 0.22
26 14 0.89
14 33 0.06
33 14 0.51
14 70 0.91
70 14 0.34
14 74 0.05
74 14 0.93
14 76 0.6
76 14 0.47
14 78 0.11
78 14 0.66
14 84 0.8
84 14 0.4
14 98 0.54
98 14 0.33
14 151 0.51
151 14 0.03
14 293 0.64
293 14 0.61
14 302 0.23
302 14 0.99
14 466 0.7
466 14 0.68
14 478 0.59
478 14 0.56
15 3 0.72
3 15 0.31
15 8 0.19
8 15 0.5
15 12 0.42
12 15 0.79
15 24 0.05
24 15 0.59
15 45 0.21
45 15 0.3
15 72 0.75
72 15 0.86
15 105 0.21
105 15 0.69
15 145 0.57
145 15 0.7
15 148 0.05
148 15 0.29
15 456 0.17
456 15 0.96
16 6 0.66
6 16 0.88
16 11 0.96
11 16 0.07
16 14 0.78
14 16 0.13
16 21 0.69
21 16 0.13
16 25 0.54
25 16 0.89
16 26 0.66
26 16 0.79
16 30 0.81
30 16 0.62
16 36 0.88
36 16 0.78
16 43 0.43
43 16 0.77
16 50 0.61
50 16 0.48
16 65 0.81
65 16 0.78
16 73 0.35
73 16 0.86
16 102 0.58
102 16 0.86
16 104 0.8
104 16 0.39
16 135 0.39
135 16 0.34
16 150 0.83
150 16 0.01
16 156 0.77
156 16 0.18
16 181 0.13
181 16 0.77
16 269 0.73
269 16 0.3
16 294 0.17
294 16 0.3
16 296 0.57
296 16 0.17
16 388 0.67
388 16 0.03
16 452 0.96
452 16 0.36
16 481 0.76
481 16 0.23
17 0 0.5
0 17 0.48
17 11 0.83
11 17 0.82
17 12 0.99
12 17 0.15
17 46 0.05
46 17 0.1
17 71 0.88
71 17 0.79
17 78 0.27
78 17 0.89
17 127 0.13
127 17 0.89
17 142 0.53
142 17 0.84
17 246 0.27
246 17 0.8
18 5 0.66
5 18 0.67
18 6 0.91
6 18 0.01
18 13 0.17
13 18 0.99
18 51 0.14
51 18 0.64
18 56 0.21
56 18 0.64
18 230 0.72
230 18 0.19
19 7 0.51
7 19 0.84
19 12 0.48
12 19 0.96
19 14 0.08
14 19 0.4
19 38 0.31
38 19 0.42
19 93 0.69
93 19 0.92
19 144 0.96
144 19 0.16
19 155 0.03
155 19 0.4
19 241 0.87
241 19 0.5
19 316 0.72
316 19 0.74
19 337 0.74
337 19 0.26
19 363 0.3
363 19 0.66
19 410 0.37
410 19 0.2
19 470 0.54
470 19 0.22
20 1 0.69
1 20 0.02
20 3 0.9
3 20 0.67
20 9 0.96
9 20 0.63
20 31 0.49
31 20 0.27
20 38 0.82
38 20 0.56
20 81 0.54
81 20 0.69
20 225 0.27
225 20 0.04
20 264 0.47
264 20 0.74
20 312 0.41
312 20 0.87
21 4 0.8
4 21 0.81
21 9 0.02
9 21 0.61
21 16 0.76
16 21 0.41
21 29 0.91
29 21 0.29
21 36 0.77
36 21 0.99
21 43 0.11
43 21 0.12
21 57 0.73
57 21 0.67
21 74 0.2
74 21 0.46
21 91 0.1
91 21 0.87
21 94 0.59
94 21 0.09
21 135 0.43
135 21 0.14
21 158 0.13
158 21 0.2
21 204 0.12
204 21 0.47
21 274 0.63
274 21 0.91
21 293 0.61
293 21 0.83
21 297 0.85
297 21 0.58
21 409 0.53
409 21 0.01
21 416 0.27
416 21 0.82
21 452 0.62
452 21 0.89
21 459 0.09
459 21 0.84
22 0 0.6
0 22 0.04
22 1 0.08
1 22 0.64
22 10 0.6
10 22 0.07
22 23 0.03
23 22 0.36
22 27 0.98
27 22 0.0
22 33 0.68
33 22 0.37
22 83 0.77
83 22 0.24
22 137 0.21
137 22 0.34
22 162 0.29
162 22 0.61
22 196 0.02
196 22 0.42
22 210 0.67
210 22 0.87
22 294 0.14
294 22 0.64
22 379 0.07
379 22 0.84
22 420 0.76
420 22 0.02
22 423 0.31
423 22 0.23
22 441 0.49
441 22 0.4
22 446 0.13
446 22 0.82
22 453 0.22
453 22 0.36
22 484 0.65
484 22 0.58
23 8 0.86
8 23 0.37
23 11 0.88
11 23 0.9
23 22 0.88
22 23 0.07
23 40 0.6
40 23 0.22
23 43 0.05
43 23 0.52
23 47 0.84
47 23 0.49
23 80 0.93
80 23 0.7
23 140 0.5
140 23 0.27
23 148 0.96
148 23 0.38
23 161 0.17
161 23 0.64
23 174 0.8
174 23 0.04
23 220 0.54
220 23 0.27
23 252 0.71
252 23 0.67
23 266 0.0
266 23 0.3
23 283 0.08
283 23 0.2
23 299 0.76
299 23 0.26
23 394 0.29
394 23 0.98
23 410 0.51
410 23 0.76
24 0 0.82
0 24 0.34
24 8 0.92
8 24 0.55
24 15 0.54
15 24 0.42
24 112 0.87
112 24 0.43
24 117 0.21
117 24 0.58
24 173 0.04
173 24 0.2
24 307 0.51
307 24 0.85
25 4 0.74
4 25 0.09
25 5 0.83
5 25 0.31
25 16 0.82
16 25 0.04
25 68 0.6
68 25 0.88
25 311 0.58
311 25 0.36
26 3 0.67
3 26 0.96
26 14 0.93
14 26 0.97
26 16 0.28
16 26 0.72
26 32 0.59
32 26 0.66
26 39 0.71
39 26 0.83
26 40 0.95
40 26 0.83
26 41 0.35
41 26 0.51
26 57 0.55
57 26 0.6
26 64 0.53
64 26 0.33
26 67 0.02
67 26 0.19
26 79 0.03
79 26 0.29
26 94 0.3
94 26 0.22
26 130 0.51
130 26 0.44
26 171 0.87
171 26 0.27
26 195 0.99
195 26 0.76
26 287 0.91
287 26 0.71
26 313 0.93
313 26 0.54
26 365 0.24
365 26 0.03
27 7 0.11
7 27 0.44
27 9 0.96
9 27 0.87
27 22 0.65
22 27 0.57
27 62 0.9
62 27 0.54
27 75 0.18
75 27 0.19
27 93 0.87
93 27 0.56
27 102 0.06
102 27 0.01
27 106 0.37
106 27 0.47
27 123 0.99
123 27 0.65
27 228 0.85
228 27 0.89
27 234 0.26
234 27 0.23
27 439 0.17
439 27 0.64
28 5 0.89
5 28 0.36
28 10 0.26
10 28 0.98
28 13 0.98
13 28 0.81
28 52 0.11
52 28 0.29
28 131 0.57
131 28 0.46
28 141 0.14
141 28 0.11
28 152 0.55
152 28 0.59
28 226 0.6
226 28 0.04
28 232 0.15
232 28 0.13
28 332 0.67
332 28 0.84
28 400 0.18
400 28 0.06
28 424 0.9
424 28 0.95
28 449 0.75
449 28 0.36
28 465 0.84
465 28 0.75
29 1 0.29
1 29 0.78
29 13 0.63
13 29 0.38
29 21 0.59
21 29 0.8
29 38 0.87
38 29 0.38
29 97 0.34
97 29 0.92
29 149 0.73
149 29 0.91
29 166 0.28
166 29 0.91
29 187 0.27
187 29 0.9
29 341 0.92
341 29 0.23
29 482 0.07
482 29 0.22
30 10 0.73
10 30 0.79
30 13 0.18
13 30 0.61
30 16 0.39
16 30 0.67
30 44 0.3
44 30 0.11
30 59 0.64
59 30 0.02
30 104 0.48
104 30 0.66
30 128 0.2
128 30 0.63
30 207 0.42
207 30 0.91
30 283 0.68
283 30 0.3
30 412 0.21
412 30 0.62
31 0 0.73
0 31 0.3
31 5 0.71
5 31 0.4
31 20 0.89
20 31 0.76
31 34 0.93
34 31 0.84
31 60 0.93
60 31 0.17
31 91 0.07
91 31 0.89
31 214 0.3
214 31 0.21
31 255 0.41
255 31 0.92
31 309 0.87
309 31 0.22
31 354 0.01
354 31 0.91
31 367 0.93
367 31 0.35
32 1 0.54
1 32 0.2
32 9 0.23
9 32 0.44
32 26 0.07
26 32 0.74
33 5 0.74
5 33 0.89
33 14 0.71
14 33 0.49
33 22 0.68
22 33 0.3
33 75 0.39
75 33 0.98
33 89 0.01
89 33 0.39
33 103 0.2
103 33 0.28
33 190 0.03
190 33 0.95
33 290 0.02
290 33 0.87
33 305 0.65
305 33 0.31
33 331 0.23
331 33 0.9
33 376 0.78
376 33 0.42
33 427 0.72
427 33 0.01
33 437 0.48
437 33 0.37
33 471 0.43
471 33 0.52
34 4 0.33
4 34 0.1
34 9 0.34
9 34 0.3
34 31 0.55
31 34 0.69
34 46 0.07
46 34 0.61
34 256 0.13
256 34 0.24
34 370 0.08
370 34 0.39
34 411 0.41
411 34 0.43
34 477 0.67
477 34 0.82
35 1 0.22
1 35 0.04
35 11 0.79
11 35 0.84
35 13 0.54
13 35 0.49
35 39 0.74
39 35 0.29
35 273 0.91
273 35 0.17
35 292 0.93
292 35 0.96
35 383 0.18
383 35 0.06
35 473 0.42
473 35 0.4
36 2 0.82
2 36 0.04
36 16 0.46
16 36 0.0
36 21 0.33
21 36 0.95
36 175 0.25
175 36 0.21
36 281 0.63
281 36 0.19
36 430 0.51
430 36 0.62
37 5 0.16
5 37 0.08
37 8 0.99
8 37 0.75
37 11 0.4
11 37 0.66
37 58 0.9
58 37 0.1
37 115 0.3
115 37 0.83
37 246 0.97
246 37 0.82
38 19 0.32
19 38 0.3
38 20 0.98
20 38 0.29
38 29 0.9
29 38 0.8
38 65 0.84
65 38 0.85
38 250 0.53
250 38 0.38
38 320 0.38
320 38 0.98
38 370 0.59
370 38 0.8
38 471 0.47
471 38 0.37
39 9 0.7
9 39 0.51
39 26 0.0
26 39 0.61
39 35 0.01
35 39 0.19
39 141 0.84
141 39 0.52
39 160 0.18
160 39 0.61
39 175 0.45
175 39 0.86
39 338 0.01
338 39 0.35
39 475 0.45
475 39 0.06
40 12 0.39
12 40 0.84
40 23 0.46
23 40 0.54
40 26 0.91
26 40 0.04
40 55 0.19
55 40 0.58
40 59 0.69
59 40 0.75
40 61 0.04
61 40 0.51
40 65 0.14
65 40 0.46
40 70 0.52
70 40 0.31
40 76 0.22
76 40 0.95
40 82 0.17
82 40 0.31
40 89 0.74
89 40 0.99
40 119 0.46
119 40 0.35
40 138 0.01
138 40 0.82
40 152 0.0
152 40 0.62
40 154 0.07
154 40 0.33
40 182 0.67
182 40 0.99
40 193 0.38
193 40 0.16
40 221 0.4
221 40 0.93
40 239 0.86
239 40 0.16
40 254 0.11
254 40 0.14
40 292 0.91
292 40 0.24
40 307 0.93
307 40 0.04
40 310 0.49
310 40 0.34
40 359 0.57
359 40 0.71
40 479 0.79
479 40 0.16
41 9 0.82
9 41 0.89
41 13 0.07
13 41 0.29
41 26 0.9
26 41 0.26
41 66 0.25
66 41 0.13
41 151 0.59
151 41 0.72
41 207 0.66
207 41 0.78
41 208 0.17
208 41 0.6
41 229 0.54
229 41 0.31
41 347 0.59
347 41 0.3
41 360 0.87
360 41 0.47
41 420 0.04
420 41 0.76
41 425 0.95
425 41 0.2
41 442 0.38
442 41 0.15
41 498 0.99
498 41 0.75
42 7 0.9
7 42 0.96
42 9 0.58
9 42 0.9
42 10 0.12
10 42 0.07
42 98 0.76
98 42 0.33
42 146 0.93
146 42 0.62
42 409 0.75
409 42 0.4
43 16 0.43
16 43 0.84
43 21 0.95
21 43 0.42
43 23 0.62
23 43 0.96
43 149 0.94
149 43 0.39
43 160 0.85
160 43 0.39
43 254 0.07
254 43 0.5
43 404 0.73
404 43 0.89
43 429 0.82
429 43 0.41
44 7 0.59
7 44 0.41
44 10 0.98
10 44 0.08
44 30 0.28
30 44 0.9
44 50 0.56
50 44 0.57
44 51 0.22
51 44 0.67
44 52 0.28
52 44 0.37
44 94 0.87
94 44 0.39
44 106 0.35
106 44 0.27
44 115 0.49
115 44 0.15
44 134 0.79
134 44 0.22
44 164 0.58
164 44 0.98
44 209 0.46
209 44 0.2
44 241 0.78
241 44 0.82
44 256 0.31
256 44 0.57
44 331 0.3
331 44 0.98
44 470 0.85
470 44 0.91
45 2 0.27
2 45 0.2
45 8 0.3
8 45 0.51
45 15 0.33
15 45 0.3
45 53 0.97
53 45 0.05
45 112 0.22
112 45 0.77
45 120 0.9
120 45 0.62
45 189 0.91
189 45 0.36
45 208 0.88
208 45 0.1
45 212 0.01
212 45 0.4
45 313 0.76
313 45 0.32
45 488 0.97
488 45 0.35
46 0 0.32
0 46 0.39
46 17 0.33
17 46 0.67
46 34 0.03
34 46 0.7
46 95 0.87
95 46 0.15
46 425 0.63
425 46 0.18
46 492 0.75
492 46 0.77
47 2 0.23
2 47 0.05
47 5 0.33
5 47 0.75
47 23 0.78
23 47 0.44
47 66 0.4
66 47 0.7
47 423 0.79
423 47 0.25
48 1 0.19
1 48 0.02
48 5 0.17
5 48 0.66
48 12 0.57
12 48 1.0
48 85 0.07
85 48 0.07
48 146 0.82
146 48 0.0
48 175 0.26
175 48 0.28
48 284 0.3
284 48 0.85
48 322 0.48
322 48 0.57
48 402 0.51
402 48 0.39
49 7 0.31
7 49 0.77
49 8 0.1
8 49 0.62
49 13 0.38
13 49 0.16
49 52 0.45
52 49 0.31
49 63 0.86
63 49 0.99
49 91 0.05
91 49 0.97
49 103 0.01
103 49 0.26
49 109 0.98
109 49 0.59
49 121 0.66
121 49 0.49
49 165 0.12
165 49 0.85
49 167 0.45
167 49 0.09
49 172 0.23
172 49 0.19
49 268 0.94
268 49 0.58
49 321 0.79
321 49 0.06
49 326 0.71
326 49 0.3
49 358 0.72
358 49 0.93
49 370 0.54
370 49 0.07
49 404 0.04
404 49 0.26
50 10 0.32
10 50 0.24
50 16 0.32
16 50 0.48
50 44 0.13
44 50 0.96
50 97 0.07
97 50 0.74
50 100 0.79
100 50 0.13
50 153 0.52
153 50 0.11
50 252 0.62
252 50 0.31
50 424 0.41
424 50 0.82
50 443 0.13
443 50 0.49
51 13 0.55
13 51 0.85
51 18 0.61
18 51 0.87
51 44 0.58
44 51 0.38
51 68 0.22
68 51 0.69
51 96 0.74
96 51 0.55
51 132 0.96
132 51 0.58
51 144 0.09
144 51 0.78
51 166 0.04
166 51 0.34
51 169 0.07
169 51 0.91
51 197 0.08
197 51 0.05
51 337 0.33
337 51 0.21
51 388 0.01
388 51 0.76
51 476 0.44
476 51 0.44
52 28 0.53
28 52 0.6
52 44 0.39
44 52 0.86
52 49 0.05
49 52 0.04
52 87 0.1
87 52 0.19
52 108 0.99
108 52 0.27
52 113 0.04
113 52 0.07
52 427 0.05
427 52 0.22
52 498 0.55
498 52 0.61
53 8 0.01
8 53 0.36
53 12 0.87
12 53 0.75
53 45 0.37
45 53 0.49
53 118 0.39
118 53 0.24
53 227 0.79
227 53 0.24
54 4 0.24
4 54 0.13
54 10 0.46
10 54 0.51
54 13 0.87
13 54 0.43
54 142 0.18
142 54 0.08
54 143 0.12
143 54 0.77
54 259 0.02
259 54 0.56
54 279 0.93
279 54 0.54
54 403 0.78
403 54 0.15
54 454 0.06
454 54 0.8
55 5 0.89
5 55 0.69
55 10 0.72
10 55 0.09
55 40 0.68
40 55 0.33
55 66 0.04
66 55 0.91
55 218 0.7
218 55 0.81
55 247 0.32
247 55 0.5
55 279 0.33
279 55 0.1
55 323 0.19
323 55 0.91
55 395 0.83
395 55 0.98
56 2 0.67
2 56 0.61
56 10 0.26
10 56 0.9
56 18 0.97
18 56 0.18
56 106 0.81
106 56 0.7
56 197 0.65
197 56 0.79
56 494 0.63
494 56 0.76
57 13 0.99
13 57 0.21
57 21 0.1
21 57 0.13
57 26 0.4
26 57 0.37
57 63 0.32
63 57 0.23
57 96 0.15
96 57 0.79
57 110 0.81
110 57 0.44
57 176 0.22
176 57 0.42
57 198 0.03
198 57 0.71
57 202 0.69
202 57 0.0
57 227 0.77
227 57 0.81
57 233 0.62
233 57 0.0
57 254 0.17
254 57 0.71
57 340 0.87
340 57 0.72
57 496 0.95
496 57 0.72
58 1 0.12
1 58 0.7
58 3 0.03
3 58 0.14
58 37 0.16
37 58 0.83
58 125 0.3
125 58 0.41
58 163 0.84
163 58 0.74
58 177 0.38
177 58 0.13
58 206 0.87
206 58 0.29
58 234 0.75
234 58 0.89
58 308 0.46
308 58 0.15
58 351 0.71
351 58 0.99
58 364 0.15
364 58 0.39
58 373 0.91
373 58 0.73
59 10 0.66
10 59 0.66
59 30 0.58
30 59 0.78
59 40 0.36
40 59 0.6
59 60 0.44
60 59 0.06
59 117 0.34
117 59 0.1
59 129 0.32
129 59 0.22
59 155 0.15
155 59 0.49
59 170 0.25
170 59 0.62
59 173 0.63
173 59 0.33
59 199 0.64
199 59 0.32
59 217 0.84
217 59 0.29
59 243 0.35
243 59 0.59
59 272 0.43
272 59 0.49
59 316 0.66
316 59 0.18
59 334 0.48
334 59 0.38
59 361 0.52
361 59 0.29
59 415 0.19
415 59 0.77
59 478 0.49
478 59 0.07
60 0 0.64
0 60 0.79
60 31 0.18
31 60 0.64
60 59 0.25
59 60 0.42
60 67 0.55
67 60 0.35
60 147 0.93
147 60 0.94
60 158 0.85
158 60 0.76
60 189 0.77
189 60 0.05
60 391 0.35
391 60 0.97
61 5 0.71
5 61 0.9
61 10 0.34
10 61 0.68
61 40 0.59
40 61 0.86
61 89 0.11
89 61 0.65
61 97 0.15
97 61 0.16
61 401 0.71
401 61 0.11
62 5 0.03
5 62 0.95
62 13 0.42
13 62 0.52
62 27 0.59
27 62 0.06
62 108 0.68
108 62 0.96
62 147 0.04
147 62 0.22
62 214 0.49
214 62 0.26
62 239 0.39
239 62 0.99
63 5 0.93
5 63 0.84
63 49 0.19
49 63 0.03
63 57 0.56
57 63 0.44
63 84 0.66
84 63 0.38
63 138 0.53
138 63 0.07
63 323 0.09
323 63 0.15
63 382 0.49
382 63 0.19
64 0 0.42
0 64 0.74
64 13 0.39
13 64 0.46
64 26 0.45
26 64 0.09
64 92 0.64
92 64 0.89
64 380 0.38
380 64 0.06
64 403 0.83
403 64 0.1
64 429 0.24
429 64 0.7
65 16 0.26
16 65 1.0
65 38 0.33
38 65 0.53
65 40 0.07
40 65 0.44
65 130 0.78
130 65 0.02
65 177 0.2
177 65 0.65
65 251 0.54
251 65 0.9
65 253 0.77
253 65 0.5
65 278 0.12
278 65 0.0
65 297 0.56
297 65 0.2
65 330 0.45
330 65 0.15
65 469 0.15
469 65 0.63
66 41 0.73
41 66 0.32
66 47 0.05
47 66 0.98
66 55 0.5
55 66 0.43
67 5 0.55
5 67 0.62
67 26 0.35
26 67 0.33
67 60 0.57
60 67 0.09
67 71 0.75
71 67 0.74
67 74 0.2
74 67 0.46
67 178 0.47
178 67 0.17
67 312 0.61
312 67 0.82
67 342 0.31
342 67 0.45
67 389 0.54
389 67 0.05
67 422 0.05
422 67 0.54
67 481 0.98
481 67 0.5
68 7 0.73
7 68 0.29
68 25 0.29
25 68 0.91
68 51 0.38
51 68 0.42
68 78 0.4
78 68 0.28
68 81 0.14
81 68 0.88
68 123 0.17
123 68 0.71
68 261 0.79
261 68 0.99
68 304 0.99
304 68 0.06
68 494 0.85
494 68 0.26
69 4 0.02
4 69 0.31
69 5 0.01
5 69 0.88
69 6 0.77
6 69 0.12
69 86 0.07
86 69 0.75
69 110 0.32
110 69 0.35
69 283 0.47
283 69 0.32
70 6 0.58
6 70 0.97
70 14 0.51
14 70 0.1
70 40 1.0
40 70 0.69
70 124 0.92
124 70 0.52
70 126 0.78
126 70 0.58
70 152 0.68
152 70 0.63
70 157 0.88
157 70 0.0
70 194 0.72
194 70 0.83
70 249 0.87
249 70 0.53
70 274 0.39
274 70 0.32
70 350 0.47
350 70 0.04
70 487 0.35
487 70 0.42
71 6 0.95
6 71 0.8
71 17 0.29
17 71 0.18
71 67 0.2
67 71 0.84
71 77 0.95
77 71 0.9
71 240 0.18
240 71 0.66
71 324 0.68
324 71 0.22
72 11 0.69
11 72 0.48
72 13 0.0
13 72 0.95
72 15 1.0
15 72 0.02
72 109 0.65
109 72 0.98
72 112 0.21
112 72 0.18
72 119 0.77
119 72 0.73
72 198 0.17
198 72 0.35
72 215 0.59
215 72 0.51
72 329 0.64
329 72 0.29
72 359 0.25
359 72 0.17
72 401 0.4
401 72 0.99
73 6 0.31
6 73 0.82
73 9 0.24
9 73 0.01
73 16 0.03
16 73 0.5
73 109 0.87
109 73 0.31
73 117 0.41
117 73 0.79
74 14 0.92
14 74 0.13
74 21 0.34
21 74 0.6
74 67 0.82
67 74 0.45
74 79 0.5
79 74 0.14
74 84 0.79
84 74 0.05
74 128 0.75
128 74 0.32
74 213 0.61
213 74 0.91
74 350 0.26
350 74 0.64
74 367 0.21
367 74 0.64
75 7 0.43
7 75 0.49
75 27 0.22
27 75 0.23
75 33 0.82
33 75 0.21
75 178 0.74
178 75 0.11
75 240 0.9
240 75 0.83
75 364 0.94
364 75 0.49
75 397 0.51
397 75 0.3
75 434 0.58
434 75 0.23
76 13 0.9
13 76 0.25
76 14 0.59
14 76 0.81
76 40 0.59
40 76 0.72
76 136 0.3
136 76 0.96
76 226 0.91
226 76 0.26
76 251 0.97
251 76 0.12
76 255 0.87
255 76 0.1
76 279 0.51
279 76 0.43
77 6 0.97
6 77 0.67
77 10 0.26
10 77 0.95
77 71 0.93
71 77 0.92
77 95 0.37
95 77 0.5
77 131 0.54
131 77 0.4
77 228 0.78
228 77 0.09
77 401 0.61
401 77 0.16
77 499 0.45
499 77 0.09
78 14 0.19
14 78 0.11
78 17 0.65
17 78 0.93
78 68 0.65
68 78 0.39
78 90 0.9
90 78 0.69
78 131 0.55
131 78 0.47
79 0 0.08
0 79 0.0
79 26 0.82
26 79 0.09
79 74 0.43
74 79 0.74
79 207 0.37
207 79 0.97
79 368 0.51
368 79 0.5
79 490 0.12
490 79 0.0
80 3 1.0
3 80 0.52
80 5 0.44
5 80 0.52
80 23 0.26
23 80 0.1
80 115 0.55
115 80 0.2
80 134 0.5
134 80 0.32
80 171 0.97
171 80 0.98
80 190 0.96
190 80 0.07
80 208 0.91
208 80 0.2
80 212 0.23
212 80 0.48
80 260 0.3
260 80 0.16
80 286 1.0
286 80 0.26
80 320 0.85
320 80 0.43
80 351 0.0
351 80 0.55
80 381 0.97
381 80 0.9
80 399 0.64
399 80 0.07
80 428 0.07
428 80 0.48
80 487 0.65
487 80 0.73
80 491 0.19
491 80 0.87
81 10 0.61
10 81 0.45
81 20 0.93
20 81 0.34
81 68 0.94
68 81 0.36
81 274 0.71
274 81 0.34
82 5 0.58
5 82 0.92
82 7 0.72
7 82 0.99
82 40 0.39
40 82 0.13
82 118 0.24
118 82 0.5
82 121 0.97
121 82 0.17
82 136 0.3
136 82 0.69
82 153 0.41
153 82 0.89
82 183 0.54
183 82 0.8
82 201 0.61
201 82 0.02
82 219 0.07
219 82 0.44
82 306 0.43
306 82 0.32
82 390 0.71
390 82 0.25
82 405 0.17
405 82 0.5
83 3 0.06
3 83 0.34
83 9 0.53
9 83 0.63
83 22 0.89
22 83 0.07
83 107 0.84
107 83 0.14
83 196 0.78
196 83 0.09
83 202 0.53
202 83 0.57
83 360 0.49
360 83 0.28
83 384 0.22
384 83 0.26
84 14 0.48
14 84 0.75
84 63 0.12
63 84 0.26
84 74 0.94
74 84 0.73
84 104 0.83
104 84 0.2
84 133 0.19
133 84 0.55
84 192 0.6
192 84 0.84
84 205 0.27
205 84 0.61
84 259 0.08
259 84 0.56
84 335 0.15
335 84 0.92
84 347 0.71
347 84 0.33
84 366 0.34
366 84 1.0
84 393 0.96
393 84 0.15
84 426 0.64
426 84 0.77
84 435 0.14
435 84 0.88
84 436 0.26
436 84 0.79
84 457 0.1
457 84 0.71
85 1 0.67
1 85 0.59
85 5 0.89
5 85 0.03
85 48 0.81
48 85 0.64
85 127 0.14
127 85 0.7
85 253 0.35
253 85 0.72
85 374 0.98
374 85 0.47
85 407 0.77
407 85 0.48
86 7 0.6
7 86 0.34
86 13 0.87
13 86 0.44
86 69 0.67
69 86 0.78
86 148 0.84
148 86 0.77
86 178 0.95
178 86 0.54
86 213 0.99
213 86 0.86
86 239 0.86
239 86 0.07
86 380 0.08
380 86 0.84
86 426 0.44
426 86 0.93
86 453 0.58
453 86 0.41
86 480 0.12
480 86 0.54
87 5 0.8
5 87 0.27
87 13 0.36
13 87 0.7
87 52 0.6
52 87 0.65
87 221 0.66
221 87 0.91
87 265 0.6
265 87 0.63
88 0 0.56
0 88 0.96
88 4 0.71
4 88 0.39
88 5 0.84
5 88 0.2
88 99 0.68
99 88 0.72
88 288 0.02
288 88 0.93
88 301 0.61
301 88 0.87
88 333 0.97
333 88 0.04
88 373 0.02
373 88 0.74
88 396 0.01
396 88 0.83
88 427 0.48
427 88 0.76
88 438 0.22
438 88 0.29
89 33 0.69
33 89 0.15
89 40 0.96
40 89 0.43
89 61 0.6
61 89 0.55
90 4 0.86
4 90 0.36
90 10 0.02
10 90 0.24
90 78 0.71
78 90 0.5
90 289 0.09
289 90 0.33
90 347 0.69
347 90 0.87
90 395 0.41
395 90 0.87
90 422 0.73
422 90 0.43
91 21 0.72
21 91 0.72
91 31 0.47
31 91 0.83
91 49 0.71
49 91 0.37
91 139 0.61
139 91 0.33
91 181 0.29
181 91 0.72
91 263 0.18
263 91 0.61
91 459 0.53
459 91 0.03
92 5 0.79
5 92 0.52
92 9 0.17
9 92 0.79
92 64 0.17
64 92 0.28
92 116 0.6
116 92 0.26
92 139 0.6
139 92 0.17
92 160 0.63
160 92 0.24
92 169 0.14
169 92 0.45
92 172 0.26
172 92 0.45
92 269 0.7
269 92 0.32
92 351 0.54
351 92 0.12
92 468 0.6
468 92 0.4
92 479 0.45
479 92 0.8
93 2 0.53
2 93 0.91
93 19 0.95
19 93 0.71
93 27 0.99
27 93 0.71
93 105 0.17
105 93 0.6
93 139 0.37
139 93 0.17
93 144 0.58
144 93 0.4
93 418 0.59
418 93 0.68
93 434 0.76
434 93 0.74
93 460 0.56
460 93 0.17
93 472 0.18
472 93 0.4
94 21 0.35
21 94 0.79
94 26 0.78
26 94 0.56
94 44 0.07
44 94 0.8
94 111 0.77
111 94 0.92
94 132 0.55
132 94 0.3
94 168 0.28
168 94 0.29
95 5 0.21
5 95 0.71
95 46 0.55
46 95 0.28
95 77 0.02
77 95 0.24
95 116 0.46
116 95 0.66
95 243 0.07
243 95 0.76
95 276 0.02
276 95 0.39
95 290 0.79
290 95 0.78
95 295 0.53
295 95 0.2
95 298 0.32
298 95 0.8
95 319 0.3
319 95 0.9
96 5 0.52
5 96 0.61
96 51 0.64
51 96 0.09
96 57 0.55
57 96 0.76
96 129 0.43
129 96 0.28
96 156 0.65
156 96 0.23
96 473 0.63
473 96 0.06
97 29 0.44
29 97 0.03
97 50 0.62
50 97 0.53
97 61 0.5
61 97 0.45
97 387 0.07
387 97 0.49
97 465 0.6
465 97 0.69
98 11 0.53
11 98 0.32
98 14 0.69
14 98 0.91
98 42 0.89
42 98 0.11
98 105 0.19
105 98 0.21
98 114 0.84
114 98 0.5
98 167 0.19
167 98 0.25
98 172 0.34
172 98 0.32
98 206 0.26
206 98 0.93
98 244 0.26
244 98 0.79
98 331 0.43
331 98 0.63
98 405 0.96
405 98 0.3
98 485 0.89
485 98 0.45
99 3 0.17
3 99 0.86
99 9 0.99
9 99 0.86
99 88 0.77
88 99 0.7
99 101 0.39
101 99 0.84
99 168 0.75
168 99 0.7
99 291 0.11
291 99 0.04
100 5 0.17
5 100 0.74
100 8 0.03
8 100 0.8
100 50 0.98
50 100 0.53
100 231 0.77
231 100 0.96
101 7 0.85
7 101 0.01
101 10 0.26
10 101 0.55
101 99 0.66
99 101 0.09
101 236 0.39
236 101 0.33
101 309 0.33
309 101 0.62
101 399 0.76
399 101 0.99
102 12 0.8
12 102 0.31
102 16 0.2
16 102 0.5
102 27 0.79
27 102 0.98
103 7 0.09
7 103 0.47
103 33 0.77
33 103 0.89
103 49 0.52
49 103 0.47
103 404 0.61
404 103 0.64
104 16 0.28
16 104 0.17
104 30 0.25
30 104 0.58
104 84 0.23
84 104 0.42
104 125 0.1
125 104 0.14
104 133 0.67
133 104 0.28
104 248 0.31
248 104 0.06
104 257 0.26
257 104 0.64
104 280 0.01
280 104 0.82
104 358 0.33
358 104 0.94
104 363 0.55
363 104 0.21
104 385 0.76
385 104 0.62
104 412 0.05
412 104 0.92
105 15 0.37
15 105 0.95
105 93 0.91
93 105 0.79
105 98 0.28
98 105 0.23
106 27 0.6
27 106 0.16
106 44 0.51
44 106 0.9
106 56 0.25
56 106 0.79
106 428 0.87
428 106 0.04
107 9 0.42
9 107 0.74
107 13 0.2
13 107 0.74
107 83 0.05
83 107 0.69
107 111 0.46
111 107 0.85
107 224 0.13
224 107 0.63
107 381 0.51
381 107 0.7
107 385 0.84
385 107 0.4
107 388 0.68
388 107 0.49
107 444 0.47
444 107 0.46
108 4 0.01
4 108 0.59
108 52 0.33
52 108 0.54
108 62 0.42
62 108 0.97
108 124 0.53
124 108 0.05
108 173 0.98
173 108 0.6
108 177 0.78
177 108 0.47
108 220 0.94
220 108 0.67
108 248 0.94
248 108 0.52
108 340 0.45
340 108 0.7
108 386 0.01
386 108 0.31
109 49 0.08
49 109 0.84
109 72 0.28
72 109 0.11
109 73 0.68
73 109 0.01
109 132 0.07
132 109 0.88
109 138 0.25
138 109 0.34
109 242 0.96
242 109 0.57
109 247 0.46
247 109 0.96
109 341 0.58
341 109 0.49
109 400 0.64
400 109 0.13
110 10 0.96
10 110 0.45
110 57 0.99
57 110 0.64
110 69 0.17
69 110 0.51
110 226 0.62
226 110 0.94
110 228 0.93
228 110 0.27
110 242 0.6
242 110 0.58
110 251 0.86
251 110 0.09
110 382 0.54
382 110 0.22
110 441 0.24
441 110 0.63
111 10 0.45
10 111 0.66
111 94 0.93
94 111 0.1
111 107 0.31
107 111 0.87
111 137 0.14
137 111 0.75
111 211 0.91
211 111 0.19
111 346 0.7
346 111 0.8
112 24 0.66
24 112 0.45
112 45 0.77
45 112 0.45
112 72 0.89
72 112 0.4
112 378 0.17
378 112 0.46
112 466 0.97
466 112 0.9
113 0 0.57
0 113 0.18
113 7 0.08
7 113 0.94
113 52 0.94
52 113 0.53
114 4 0.64
4 114 0.26
114 10 0.28
10 114 0.96
114 98 0.86
98 114 0.88
115 37 0.62
37 115 0.85
115 44 0.41
44 115 0.55
115 80 0.31
80 115 0.33
115 317 0.61
317 115 0.48
115 349 0.48
349 115 0.06
115 467 0.32
467 115 0.62
116 7 0.08
7 116 0.73
116 92 0.17
92 116 0.68
116 95 0.35
95 116 0.2
116 122 0.44
122 116 0.97
116 195 0.24
195 116 0.18
116 340 0.77
340 116 0.21
116 345 0.56
345 116 0.95
116 437 0.37
437 116 0.75
116 483 0.94
483 116 0.99
117 24 0.38
24 117 0.54
117 59 0.88
59 117 0.56
117 73 0.97
73 117 0.24
117 149 0.07
149 117 0.24
117 170 0.64
170 117 0.02
117 189 0.58
189 117 0.83
117 277 0.4
277 117 0.04
117 329 0.41
329 117 0.05
117 344 0.63
344 117 0.81
117 355 0.21
355 117 0.33
118 9 0.15
9 118 0.87
118 53 0.97
53 118 0.69
118 82 0.62
82 118 0.21
118 194 0.12
194 118 0.73
118 270 0.07
270 118 0.17
118 439 0.16
439 118 0.38
119 7 0.08
7 119 0.35
119 40 0.3
40 119 0.23
119 72 0.55
72 119 0.26
119 389 0.33
389 119 0.15
120 4 0.81
4 120 0.32
120 5 0.94
5 120 0.35
120 45 0.34
45 120 0.16
120 140 0.62
140 120 0.23
120 142 0.79
142 120 0.45
120 176 0.19
176 120 0.17
120 200 0.08
200 120 0.23
121 13 0.48
13 121 0.12
121 49 0.06
49 121 0.99
121 82 0.54
82 121 0.14
121 150 0.04
150 121 0.68
121 474 0.7
474 121 0.94
122 9 0.56
9 122 0.61
122 10 0.77
10 122 0.73
122 116 0.45
116 122 0.72
122 245 0.14
245 122 0.61
122 326 0.91
326 122 0.37
123 10 0.5
10 123 0.03
123 27 0.31
27 123 0.96
123 68 0.29
68 123 0.11
123 296 0.6
296 123 0.95
124 12 0.74
12 124 0.26
124 70 0.69
70 124 0.44
124 108 0.95
108 124 0.78
124 338 0.12
338 124 0.64
125 7 0.91
7 125 0.51
125 58 0.14
58 125 0.96
125 104 0.31
104 125 0.02
125 141 0.45
141 125 0.94
125 190 0.03
190 125 0.27
125 199 0.31
199 125 0.9
125 281 0.86
281 125 0.53
126 6 0.13
6 126 0.1
126 9 0.48
9 126 0.54
126 70 0.36
70 126 0.08
126 216 0.5
216 126 0.1
127 5 0.62
5 127 0.89
127 17 0.47
17 127 0.81
127 85 0.1
85 127 0.93
127 163 0.19
163 127 0.16
127 275 0.45
275 127 0.98
127 302 0.29
302 127 0.32
127 430 0.21
430 127 0.08
127 436 0.09
436 127 0.78
128 13 0.8
13 128 0.84
128 30 0.91
30 128 0.78
128 74 0.67
74 128 0.93
128 158 0.27
158 128 0.51
128 209 0.04
209 128 0.42
128 366 0.51
366 128 0.67
128 430 0.91
430 128 0.77
129 13 0.71
13 129 0.33
129 59 0.01
59 129 1.0
129 96 0.61
96 129 0.29
129 179 0.91
179 129 0.87
129 191 0.33
191 129 0.91
130 0 0.13
0 130 0.99
130 26 0.75
26 130 0.91
130 65 0.17
65 130 0.54
130 185 0.37
185 130 0.74
130 203 0.54
203 130 0.28
130 305 0.14
305 130 0.32
130 327 0.88
327 130 0.17
130 371 0.32
371 130 0.68
130 408 1.0
408 130 0.05
130 475 0.49
475 130 0.19
130 489 0.91
489 130 0.39
131 28 0.44
28 131 0.37
131 77 0.13
77 131 0.64
131 78 0.88
78 131 0.39
131 145 0.39
145 131 0.2
131 368 0.93
368 131 0.26
132 51 0.81
51 132 0.03
132 94 0.97
94 132 0.77
132 109 0.61
109 132 0.01
132 159 0.2
159 132 0.39
132 184 0.65
184 132 0.69
132 335 0.88
335 132 0.03
133 5 0.76
5 133 0.55
133 84 0.91
84 133 0.11
133 104 0.16
104 133 0.86
133 191 0.78
191 133 0.46
133 379 0.21
379 133 0.21
134 1 0.49
1 134 0.17
134 44 0.11
44 134 0.19
134 80 0.51
80 134 0.04
134 162 0.61
162 134 0.43
134 225 0.39
225 134 0.06
134 265 0.8
265 134 0.17
135 4 0.59
4 135 0.74
135 16 0.42
16 135 0.75
135 21 0.89
21 135 0.87
135 179 0.47
179 135 0.86
135 216 0.11
216 135 0.76
135 237 0.43
237 135 1.0
135 303 0.44
303 135 0.37
135 321 0.64
321 135 0.71
135 328 0.1
328 135 0.44
135 380 0.08
380 135 0.25
136 0 0.15
0 136 0.93
136 76 0.9
76 136 0.79
136 82 0.48
82 136 0.09
137 13 0.6
13 137 0.71
137 22 0.26
22 137 0.55
137 111 0.49
111 137 0.51
137 145 0.55
145 137 0.79
138 40 0.05
40 138 0.34
138 63 0.6
63 138 0.87
138 109 0.68
109 138 0.11
138 168 0.93
168 138 0.4
138 240 0.2
240 138 0.95
139 91 0.44
91 139 0.18
139 92 0.72
92 139 0.91
139 93 0.95
93 139 0.78
139 246 0.34
246 139 0.07
139 339 0.5
339 139 0.15
139 410 0.23
410 139 0.58
139 432 0.81
432 139 0.09
140 0 0.26
0 140 0.11
140 23 0.19
23 140 0.74
140 120 0.68
120 140 0.64
140 161 0.03
161 140 0.0
140 455 0.16
455 140 0.52
141 28 0.0
28 141 0.82
141 39 0.04
39 141 0.65
141 125 0.72
125 141 0.49
141 165 0.67
165 141 0.17
141 257 0.06
257 141 0.93
141 271 0.46
271 141 0.96
142 17 0.92
17 142 0.05
142 54 0.62
54 142 0.57
142 120 0.5
120 142 0.14
142 303 0.34
303 142 0.79
143 7 0.58
7 143 0.02
143 12 0.85
12 143 0.15
143 54 0.6
54 143 0.87
143 498 0.94
498 143 1.0
144 19 0.51
19 144 0.59
144 51 0.82
51 144 0.62
144 93 0.66
93 144 0.74
144 216 0.98
216 144 0.35
145 15 0.27
15 145 0.45
145 131 0.95
131 145 0.72
145 137 0.06
137 145 0.83
145 263 0.99
263 145 0.53
145 336 0.52
336 145 0.24
146 0 0.22
0 146 0.01
146 42 0.76
42 146 0.0
146 48 0.82
48 146 0.15
146 237 0.25
237 146 0.82
146 261 0.93
261 146 0.94
146 281 0.11
281 146 0.91
146 377 0.79
377 146 0.99
146 437 0.98
437 146 0.4
147 7 0.59
7 147 0.88
147 60 0.38
60 147 0.1
147 62 0.39
62 147 0.46
147 180 0.21
180 147 0.63
147 282 0.42
282 147 0.31
147 303 0.49
303 147 0.54
147 407 0.99
407 147 0.37
147 488 0.92
488 147 0.5
148 15 0.97
15 148 0.72
148 23 0.75
23 148 0.16
148 86 0.94
86 148 0.83
148 253 0.65
253 148 0.35
149 29 0.95
29 149 0.47
149 43 0.82
43 149 0.67
149 117 0.54
117 149 0.1
149 185 0.16
185 149 0.83
149 263 0.67
263 149 0.59
150 0 0.0
0 150 0.76
150 16 0.56
16 150 0.57
150 121 0.66
121 150 0.79
150 203 0.01
203 150 0.37
150 210 0.52
210 150 0.43
150 220 0.45
220 150 0.98
150 262 0.02
262 150 0.56
150 301 0.79
301 150 0.44
150 327 0.12
327 150 0.92
150 350 0.76
350 150 0.36
150 409 0.22
409 150 0.91
150 435 0.52
435 150 0.8
150 461 0.31
461 150 0.07
150 497 0.49
497 150 0.56
151 4 0.74
4 151 0.95
151 14 0.92
14 151 0.38
151 41 0.28
41 151 0.53
151 155 0.71
155 151 0.78
151 411 0.75
411 151 0.27
152 28 0.8
28 152 0.26
152 40 0.7
40 152 0.62
152 70 0.09
70 152 0.82
152 272 0.1
272 152 0.76
153 0 0.48
0 153 0.67
153 50 0.46
50 153 0.54
153 82 0.3
82 153 0.31
153 196 0.52
196 153 0.93
154 3 0.19
3 154 0.32
154 4 0.69
4 154 0.76
154 40 0.04
40 154 0.03
154 280 0.21
280 154 0.75
154 384 0.25
384 154 0.88
155 19 0.48
19 155 0.96
155 59 0.11
59 155 0.19
155 151 0.82
151 155 0.55
155 292 0.93
292 155 0.04
156 0 0.84
0 156 0.12
156 16 0.53
16 156 0.96
156 96 0.59
96 156 0.18
157 1 0.37
1 157 0.91
157 13 0.68
13 157 0.53
157 70 0.12
70 157 0.66
157 163 0.31
163 157 0.5
158 21 0.35
21 158 0.06
158 60 0.41
60 158 0.46
158 128 0.49
128 158 0.51
158 229 0.18
229 158 1.0
158 296 0.83
296 158 0.63
158 313 0.13
313 158 0.47
158 334 0.69
334 158 0.45
159 3 0.04
3 159 0.58
159 12 0.61
12 159 0.9
159 132 0.78
132 159 0.89
159 221 0.37
221 159 0.82
159 244 0.43
244 159 0.98
159 275 0.17
275 159 0.13
159 300 0.84
300 159 0.63
159 365 0.92
365 159 0.86
159 451 0.81
451 159 0.47
159 460 0.51
460 159 0.88
159 481 0.26
481 159 1.0
159 485 0.31
485 159 0.48
160 39 0.88
39 160 0.43
160 43 0.84
43 160 0.84
160 92 0.9
92 160 0.22
160 176 0.17
176 160 0.63
160 192 0.6
192 160 0.24
160 276 0.74
276 160 0.61
161 6 0.53
6 161 0.59
161 23 0.02
23 161 0.86
161 140 0.67
140 161 0.37
161 315 0.82
315 161 0.45
162 7 0.89
7 162 0.28
162 22 0.72
22 162 0.65
162 134 0.48
134 162 0.36
162 210 0.53
210 162 0.64
163 58 0.7
58 163 0.26
163 127 0.81
127 163 0.22
163 157 0.19
157 163 0.69
164 4 0.3
4 164 0.19
164 9 0.88
9 164 0.83
164 44 0.9
44 164 0.05
164 252 0.5
252 164 0.88
165 0 0.56
0 165 0.19
165 49 0.97
49 165 0.86
165 141 0.07
141 165 0.07
165 180 0.27
180 165 0.82
165 186 0.22
186 165 0.24
165 266 0.79
266 165 0.48
165 267 0.7
267 165 0.23
165 445 0.94
445 165 0.02
166 2 0.4
2 166 0.87
166 29 0.16
29 166 0.58
166 51 0.93
51 166 0.81
166 180 0.16
180 166 0.52
166 494 0.76
494 166 0.91
167 0 0.35
0 167 0.6
167 49 0.19
49 167 0.43
167 98 0.49
98 167 0.71
167 250 0.91
250 167 0.51
167 423 0.01
423 167 0.45
167 450 0.31
450 167 0.39
168 94 0.45
94 168 0.17
168 99 0.96
99 168 0.32
168 138 0.99
138 168 0.35
169 3 0.25
3 169 0.15
169 51 0.53
51 169 0.77
169 92 0.73
92 169 0.15
169 356 0.6
356 169 0.14
169 366 0.2
366 169 0.52
170 8 0.11
8 170 0.74
170 59 0.55
59 170 0.88
170 117 0.59
117 170 0.03
170 385 0.37
385 170 0.83
171 10 0.98
10 171 0.3
171 26 0.11
26 171 0.46
171 80 0.26
80 171 0.31
171 238 0.35
238 171 0.81
171 339 0.21
339 171 0.64
172 49 0.59
49 172 0.74
172 92 0.78
92 172 0.97
172 98 0.44
98 172 0.92
172 433 0.85
433 172 0.28
172 492 0.66
492 172 0.2
173 24 0.79
24 173 0.84
173 59 0.66
59 173 0.06
173 108 0.63
108 173 0.71
173 192 0.89
192 173 0.54
173 219 0.64
219 173 0.56
173 408 0.95
408 173 0.96
173 455 0.29
455 173 0.22
174 0 0.4
0 174 0.93
174 12 0.54
12 174 0.05
174 23 0.76
23 174 1.0
174 219 0.45
219 174 0.43
174 308 0.77
308 174 0.53
174 374 0.63
374 174 0.34
175 36 0.88
36 175 0.72
175 39 0.08
39 175 0.76
175 48 0.62
48 175 0.2
175 215 0.27
215 175 0.93
175 278 0.14
278 175 0.65
175 476 0.5
476 175 0.79
176 57 0.19
57 176 0.17
176 120 0.55
120 176 0.22
176 160 0.76
160 176 0.65
177 58 0.93
58 177 0.33
177 65 0.62
65 177 0.1
177 108 0.39
108 177 0.51
177 343 0.33
343 177 0.21
177 349 0.26
349 177 0.7
177 436 0.08
436 177 0.66
177 444 0.2
444 177 0.96
178 67 0.85
67 178 0.43
178 75 0.14
75 178 0.39
178 86 0.14
86 178 0.13
178 218 0.52
218 178 0.59
178 232 0.13
232 178 0.81
178 302 0.83
302 178 0.69
178 399 0.18
399 178 0.13
179 1 0.33
1 179 0.13
179 129 0.1
129 179 0.09
179 135 0.4
135 179 0.78
179 269 0.54
269 179 0.71
179 393 0.97
393 179 0.57
179 431 0.84
431 179 0.43
180 147 0.4
147 180 0.49
180 165 0.13
165 180 0.05
180 166 0.59
166 180 0.13
180 458 0.23
458 180 0.09
181 1 0.31
1 181 0.74
181 16 0.4
16 181 0.14
181 91 0.59
91 181 0.16
181 336 0.59
336 181 0.74
181 372 0.72
372 181 0.16
181 392 0.36
392 181 0.68
181 479 0.1
479 181 0.86
182 0 0.54
0 182 0.38
182 10 0.48
10 182 0.35
182 40 0.55
40 182 0.27
182 200 0.38
200 182 0.71
182 205 0.2
205 182 0.56
183 0 0.57
0 183 0.05
183 1 0.75
1 183 0.61
183 82 0.95
82 183 0.07
183 234 0.35
234 183 0.87
183 306 0.6
306 183 0.78
183 485 0.52
485 183 0.64
184 1 0.84
1 184 0.64
184 3 0.6
3 184 0.03
184 132 0.74
132 184 0.85
185 10 0.59
10 185 0.69
185 130 0.15
130 185 0.81
185 149 0.06
149 185 0.65
185 212 0.86
212 185 0.72
186 4 0.58
4 186 0.05
186 7 0.21
7 186 0.15
186 165 0.38
165 186 0.43
187 0 0.87
0 187 0.94
187 9 0.76
9 187 0.38
187 29 0.68
29 187 0.02
187 230 0.41
230 187 0.68
187 284 0.84
284 187 0.67
188 6 0.54
6 188 0.72
188 9 0.76
9 188 0.62
188 12 0.1
12 188 0.45
188 317 0.54
317 188 0.51
188 318 0.01
318 188 0.85
189 45 0.16
45 189 0.01
189 60 0.13
60 189 0.91
189 117 0.46
117 189 0.89
190 33 0.99
33 190 0.45
190 80 0.1
80 190 0.07
190 125 0.04
125 190 0.35
190 217 0.94
217 190 0.29
190 230 0.23
230 190 0.73
190 360 0.68
360 190 0.94
190 471 0.88
471 190 0.26
191 7 0.94
7 191 0.11
191 129 0.89
129 191 0.75
191 133 0.82
133 191 0.44
192 84 0.2
84 192 0.65
192 160 0.78
160 192 0.41
192 173 0.46
173 192 0.05
192 206 0.5
206 192 0.6
192 406 0.55
406 192 0.38
193 3 0.63
3 193 0.26
193 11 0.34
11 193 0.77
193 40 0.53
40 193 0.76
193 328 0.88
328 193 0.29
194 1 0.39
1 194 0.16
194 70 0.21
70 194 0.14
194 118 0.27
118 194 0.6
194 318 0.87
318 194 0.49
194 446 0.26
446 194 0.69
195 3 0.1
3 195 0.26
195 26 0.19
26 195 0.93
195 116 0.55
116 195 1.0
195 285 0.81
285 195 0.07
195 295 0.18
295 195 0.73
195 486 0.72
486 195 0.75
196 22 0.64
22 196 0.25
196 83 0.54
83 196 0.63
196 153 0.26
153 196 0.72
196 270 0.2
270 196 0.79
196 441 0.95
441 196 0.45
197 1 0.88
1 197 0.6
197 51 0.21
51 197 0.11
197 56 0.15
56 197 0.55
197 306 0.69
306 197 0.45
197 489 0.17
489 197 0.6
198 9 0.81
9 198 0.51
198 57 0.98
57 198 0.87
198 72 0.95
72 198 0.74
198 286 0.2
286 198 0.16
198 443 0.8
443 198 0.64
199 0 0.01
0 199 0.58
199 59 0.98
59 199 0.49
199 125 0.01
125 199 0.14
200 13 0.92
13 200 0.17
200 120 0.88
120 200 0.75
200 182 0.9
182 200 0.85
200 223 0.93
223 200 0.25
200 271 0.84
271 200 0.79
200 316 0.74
316 200 0.59
201 4 0.66
4 201 0.64
201 5 0.95
5 201 0.84
201 82 0.65
82 201 0.18
201 314 0.76
314 201 0.84
201 337 0.85
337 201 0.21
201 375 0.24
375 201 0.3
201 377 0.42
377 201 0.27
202 11 0.8
11 202 0.78
202 57 0.4
57 202 0.79
202 83 0.53
83 202 0.68
202 233 0.91
233 202 0.91
202 275 0.38
275 202 0.64
202 342 0.11
342 202 0.77
203 5 0.78
5 203 0.25
203 130 0.73
130 203 0.01
203 150 0.09
150 203 0.21
203 336 0.46
336 203 0.57
203 416 0.78
416 203 0.72
204 4 0.18
4 204 0.19
204 6 0.61
6 204 0.05
204 21 0.5
21 204 0.44
204 277 0.41
277 204 0.27
204 458 0.3
458 204 0.79
205 5 0.85
5 205 0.09
205 84 0.95
84 205 0.14
205 182 0.6
182 205 0.11
205 310 0.01
310 205 0.27
205 335 0.5
335 205 0.2
205 344 0.35
344 205 0.03
205 433 0.36
433 205 0.51
205 480 0.15
480 205 0.79
206 58 0.18
58 206 0.19
206 98 0.91
98 206 0.03
206 192 0.89
192 206 0.21
206 348 0.17
348 206 0.69
206 372 0.95
372 206 0.37
206 415 0.28
415 206 0.59
207 30 0.44
30 207 0.77
207 41 0.24
41 207 0.72
207 79 0.77
79 207 0.62
207 373 0.28
373 207 0.09
207 477 0.46
477 207 0.23
208 41 0.01
41 208 0.08
208 45 0.06
45 208 0.98
208 80 0.8
80 208 0.21
208 222 0.79
222 208 0.21
208 300 0.04
300 208 0.13
208 365 0.4
365 208 0.7
208 432 0.68
432 208 0.14
209 0 0.38
0 209 0.28
209 44 0.38
44 209 0.97
209 128 0.93
128 209 0.76
210 22 0.16
22 210 0.28
210 150 0.41
150 210 0.59
210 162 0.7
162 210 0.62
211 5 0.26
5 211 0.2
211 12 0.82
12 211 0.72
211 111 0.88
111 211 0.71
211 248 0.27
248 211 0.52
212 45 0.56
45 212 0.13
212 80 0.36
80 212 0.32
212 185 0.71
185 212 0.09
212 384 0.96
384 212 0.95
212 464 0.83
464 212 0.26
213 0 0.74
0 213 0.43
213 74 0.21
74 213 0.85
213 86 0.49
86 213 0.94
213 334 0.5
334 213 0.35
214 4 0.49
4 214 0.12
214 31 0.38
31 214 0.67
214 62 0.23
62 214 0.75
215 6 0.4
6 215 0.71
215 72 0.95
72 215 0.3
215 175 0.77
175 215 0.1
216 126 0.73
126 216 0.82
216 135 0.81
135 216 0.05
216 144 0.7
144 216 0.96
216 448 0.15
448 216 0.05
217 8 0.03
8 217 0.49
217 59 0.97
59 217 0.03
217 190 1.0
190 217 0.82
217 223 0.1
223 217 0.19
217 433 0.96
433 217 0.07
217 452 0.86
452 217 0.43
217 468 0.35
468 217 0.17
218 10 0.82
10 218 0.12
218 55 0.96
55 218 0.93
218 178 0.69
178 218 0.59
218 242 0.1
242 218 0.24
218 364 0.5
364 218 0.1
219 82 0.17
82 219 0.68
219 173 0.55
173 219 0.79
219 174 0.94
174 219 0.53
220 23 0.29
23 220 0.92
220 108 0.61
108 220 0.14
220 150 0.68
150 220 0.67
220 352 0.99
352 220 0.37
221 40 0.05
40 221 0.72
221 87 0.09
87 221 0.2
221 159 0.08
159 221 0.48
221 341 0.96
341 221 0.28
222 4 0.23
4 222 0.1
222 5 0.64
5 222 0.39
222 208 0.8
208 222 0.67
222 299 0.65
299 222 0.57
223 5 0.58
5 223 0.25
223 200 0.38
200 223 0.6
223 217 0.39
217 223 0.92
223 256 0.81
256 223 0.73
224 10 0.44
10 224 0.83
224 12 0.87
12 224 0.77
224 107 0.15
107 224 0.07
224 326 0.86
326 224 0.03
224 355 0.86
355 224 0.29
224 463 0.52
463 224 0.24
225 5 0.52
5 225 0.85
225 20 0.84
20 225 0.78
225 134 0.71
134 225 0.89
225 440 0.95
440 225 0.79
226 28 0.41
28 226 0.3
226 76 0.73
76 226 0.16
226 110 0.81
110 226 0.69
226 243 0.47
243 226 0.6
226 271 0.27
271 226 0.88
227 5 0.0
5 227 0.12
227 53 0.59
53 227 0.21
227 57 0.94
57 227 0.66
227 379 0.65
379 227 0.81
228 27 0.99
27 228 0.39
228 77 0.71
77 228 0.38
228 110 0.49
110 228 0.75
228 369 0.44
369 228 0.94
229 10 0.94
10 229 0.59
229 41 0.78
41 229 0.57
229 158 0.01
158 229 0.49
229 299 0.56
299 229 0.87
229 495 0.87
495 229 0.22
230 18 0.61
18 230 0.08
230 187 0.46
187 230 0.23
230 190 0.71
190 230 0.7
231 1 0.84
1 231 0.19
231 4 0.95
4 231 0.78
231 100 0.68
100 231 0.59
231 235 0.19
235 231 0.99
231 241 0.3
241 231 0.4
231 374 0.3
374 231 0.09
232 13 0.82
13 232 0.43
232 28 0.66
28 232 0.37
232 178 0.21
178 232 0.07
233 1 0.99
1 233 0.73
233 57 0.77
57 233 0.75
233 202 0.89
202 233 0.9
233 245 0.28
245 233 1.0
233 247 0.14
247 233 0.38
233 309 0.89
309 233 0.92
233 352 0.8
352 233 0.75
234 27 0.94
27 234 0.37
234 58 0.74
58 234 0.29
234 183 0.14
183 234 0.13
234 266 0.94
266 234 0.8
235 4 0.96
4 235 0.78
235 8 0.88
8 235 0.01
235 231 0.03
231 235 0.94
235 386 0.5
386 235 0.6
236 2 0.09
2 236 0.01
236 7 0.76
7 236 0.53
236 101 0.33
101 236 0.36
237 6 0.2
6 237 0.65
237 135 0.1
135 237 0.4
237 146 0.33
146 237 0.85
237 261 0.54
261 237 0.37
238 5 0.94
5 238 0.52
238 10 0.92
10 238 0.2
238 171 0.72
171 238 0.6
238 265 0.41
265 238 0.41
238 277 0.89
277 238 0.72
239 40 0.94
40 239 0.93
239 62 0.8
62 239 0.0
239 86 0.48
86 239 0.29
239 406 0.34
406 239 0.77
240 71 0.76
71 240 0.08
240 75 0.05
75 240 0.19
240 138 0.57
138 240 0.64
240 268 0.02
268 240 0.18
240 338 0.07
338 240 0.75
240 354 0.72
354 240 0.77
240 465 0.43
465 240 0.57
241 19 0.99
19 241 0.77
241 44 0.48
44 241 0.11
241 231 0.09
231 241 0.56
241 298 0.19
298 241 0.29
241 329 0.94
329 241 0.28
242 109 0.11
109 242 0.21
242 110 0.09
110 242 0.77
242 218 0.29
218 242 0.62
243 59 0.61
59 243 0.5
243 95 0.29
95 243 0.7
243 226 0.64
226 243 0.17
244 3 0.81
3 244 0.37
244 98 0.26
98 244 0.1
244 159 1.0
159 244 0.27
244 491 0.8
491 244 0.25
245 13 0.95
13 245 0.02
245 122 0.95
122 245 0.81
245 233 0.01
233 245 0.88
246 17 0.7
17 246 0.01
246 37 0.74
37 246 0.17
246 139 0.04
139 246 0.65
246 425 0.44
425 246 0.9
247 55 0.9
55 247 0.56
247 109 0.97
109 247 0.49
247 233 0.71
233 247 0.06
247 353 0.34
353 247 0.09
248 104 0.59
104 248 0.8
248 108 0.33
108 248 0.43
248 211 0.57
211 248 0.24
249 0 0.29
0 249 0.56
249 11 0.17
11 249 0.2
249 70 0.89
70 249 0.22
249 314 0.07
314 249 0.53
249 317 0.25
317 249 0.78
249 390 0.61
390 249 0.67
249 492 0.65
492 249 0.34
250 4 0.9
4 250 0.44
250 38 0.58
38 250 0.23
250 167 0.76
167 250 0.42
251 65 0.19
65 251 0.79
251 76 0.19
76 251 0.07
251 110 0.2
110 251 0.85
251 288 0.65
288 251 0.17
252 23 0.27
23 252 0.33
252 50 0.82
50 252 0.98
252 164 0.49
164 252 0.41
252 324 0.47
324 252 0.31
253 65 0.57
65 253 0.66
253 85 0.24
85 253 0.6
253 148 0.97
148 253 0.32
253 375 0.74
375 253 0.1
254 40 0.36
40 254 0.34
254 43 0.16
43 254 0.95
254 57 0.41
57 254 0.48
255 4 0.03
4 255 0.5
255 31 0.33
31 255 0.24
255 76 0.44
76 255 0.91
255 390 0.61
390 255 0.58
256 34 0.77
34 256 0.6
256 44 0.69
44 256 0.45
256 223 0.44
223 256 0.87
256 294 0.63
294 256 0.29
256 332 0.44
332 256 0.55
256 389 0.88
389 256 0.53
256 484 0.36
484 256 0.57
257 12 0.46
12 257 0.3
257 104 0.31
104 257 0.81
257 141 0.82
141 257 0.71
257 288 0.63
288 257 0.06
257 293 0.75
293 257 0.74
258 6 0.97
6 258 0.51
258 9 0.94
9 258 0.3
258 12 0.09
12 258 0.19
259 8 0.9
8 259 0.48
259 54 0.19
54 259 0.2
259 84 0.0
84 259 0.4
259 268 0.25
268 259 0.65
259 348 0.27
348 259 0.59
259 356 0.2
356 259 0.23
259 459 0.94
459 259 0.32
259 495 0.83
495 259 0.34
260 6 0.47
6 260 0.85
260 7 0.05
7 260 0.73
260 80 0.93
80 260 0.4
260 353 0.76
353 260 0.32
261 68 0.31
68 261 0.14
261 146 0.55
146 261 0.77
261 237 0.97
237 261 0.55
262 7 0.16
7 262 0.31
262 13 0.83
13 262 0.34
262 150 0.52
150 262 0.69
263 91 0.42
91 263 0.94
263 145 0.18
145 263 0.87
263 149 0.75
149 263 0.91
264 8 0.2
8 264 0.71
264 10 0.29
10 264 0.41
264 20 0.15
20 264 0.58
265 87 0.23
87 265 0.42
265 134 0.22
134 265 0.51
265 238 0.8
238 265 0.28
265 330 0.72
330 265 0.91
266 23 0.78
23 266 0.95
266 165 0.42
165 266 0.98
266 234 0.12
234 266 0.09
266 397 0.19
397 266 0.87
267 3 0.52
3 267 0.32
267 9 0.35
9 267 0.09
267 165 0.04
165 267 0.34
267 291 0.95
291 267 0.39
268 49 0.4
49 268 0.75
268 240 0.33
240 268 0.48
268 259 0.16
259 268 0.2
269 16 0.35
16 269 0.55
269 92 0.22
92 269 0.57
269 179 0.87
179 269 0.42
269 417 0.82
417 269 0.86
270 5 0.08
5 270 0.79
270 118 0.4
118 270 0.22
270 196 0.22
196 270 0.78
270 356 0.74
356 270 0.06
271 141 0.01
141 271 0.73
271 200 0.23
200 271 0.19
271 226 0.63
226 271 0.43
272 1 0.09
1 272 0.27
272 59 0.58
59 272 0.77
272 152 0.04
152 272 0.64
272 289 0.66
289 272 0.67
273 4 0.98
4 273 0.52
273 8 0.97
8 273 0.23
273 35 0.38
35 273 0.58
274 21 0.65
21 274 0.74
274 70 0.26
70 274 0.69
274 81 0.05
81 274 0.72
275 127 0.93
127 275 0.56
275 159 0.73
159 275 0.25
275 202 0.18
202 275 0.45
275 387 0.14
387 275 0.58
276 10 0.83
10 276 0.32
276 95 0.61
95 276 0.95
276 160 0.28
160 276 0.6
276 352 0.53
352 276 0.23
276 447 0.11
447 276 0.44
277 117 0.89
117 277 0.71
277 204 0.05
204 277 0.49
277 238 0.53
238 277 0.68
277 322 0.32
322 277 0.96
278 10 0.16
10 278 0.52
278 65 0.98
65 278 0.14
278 175 0.32
175 278 0.68
278 406 0.94
406 278 0.28
278 463 0.76
463 278 0.21
278 493 0.3
493 278 0.05
279 54 0.15
54 279 0.32
279 55 0.95
55 279 0.14
279 76 0.38
76 279 0.66
280 0 0.37
0 280 0.78
280 104 0.04
104 280 0.46
280 154 0.93
154 280 0.7
281 36 0.29
36 281 0.09
281 125 0.81
125 281 0.19
281 146 0.5
146 281 0.0
282 0 0.86
0 282 0.84
282 7 0.91
7 282 0.62
282 147 0.13
147 282 0.25
282 395 0.5
395 282 0.32
283 23 0.49
23 283 0.96
283 30 0.36
30 283 0.04
283 69 0.41
69 283 0.9
284 13 0.59
13 284 0.29
284 48 0.03
48 284 0.3
284 187 0.54
187 284 0.68
285 1 0.12
1 285 0.63
285 12 0.82
12 285 0.59
285 195 0.16
195 285 0.37
285 378 0.48
378 285 0.95
285 392 0.96
392 285 0.52
285 456 0.99
456 285 0.12
286 5 0.05
5 286 0.88
286 80 0.08
80 286 0.05
286 198 0.66
198 286 0.94
286 301 0.31
301 286 0.69
286 457 0.71
457 286 0.41
286 464 0.72
464 286 0.96
287 9 0.84
9 287 0.88
287 10 0.79
10 287 0.64
287 26 0.25
26 287 0.31
287 381 0.41
381 287 0.42
288 88 0.25
88 288 0.72
288 251 0.92
251 288 0.7
288 257 0.41
257 288 0.04
289 7 0.16
7 289 0.89
289 90 0.31
90 289 0.92
289 272 0.72
272 289 0.37
289 333 0.06
333 289 0.22
289 391 0.54
391 289 0.97
290 4 0.76
4 290 0.47
290 33 0.69
33 290 0.73
290 95 0.75
95 290 0.75
290 418 0.19
418 290 0.55
291 7 0.34
7 291 0.5
291 99 0.86
99 291 0.42
291 267 0.25
267 291 0.67
291 304 0.45
304 291 0.25
291 349 0.97
349 291 0.16
291 361 0.07
361 291 0.44
292 35 0.1
35 292 0.86
292 40 0.94
40 292 0.28
292 155 0.89
155 292 0.61
292 371 0.21
371 292 0.18
293 14 0.82
14 293 0.18
293 21 0.63
21 293 0.57
293 257 0.91
257 293 0.83
293 320 0.27
320 293 0.33
293 343 0.93
343 293 0.21
294 16 0.17
16 294 0.63
294 22 0.89
22 294 0.72
294 256 0.47
256 294 0.12
295 3 0.09
3 295 0.59
295 95 0.64
95 295 0.96
295 195 0.19
195 295 0.22
296 16 0.05
16 296 0.44
296 123 0.23
123 296 0.23
296 158 0.6
158 296 0.11
296 413 0.32
413 296 0.18
297 0 0.92
0 297 0.73
297 21 0.75
21 297 0.47
297 65 0.38
65 297 0.5
298 10 0.13
10 298 0.94
298 95 0.11
95 298 0.59
298 241 0.46
241 298 0.85
299 23 0.32
23 299 0.6
299 222 0.5
222 299 0.29
299 229 0.55
229 299 0.89
300 4 0.99
4 300 0.97
300 159 0.76
159 300 0.29
300 208 0.6
208 300 0.96
301 88 0.46
88 301 0.84
301 150 0.85
150 301 0.05
301 286 0.38
286 301 0.46
301 417 0.96
417 301 0.31
302 14 0.65
14 302 0.94
302 127 0.44
127 302 0.59
302 178 0.3
178 302 0.37
302 319 0.06
319 302 0.64
302 472 0.88
472 302 0.15
303 135 0.44
135 303 0.36
303 142 0.93
142 303 1.0
303 147 0.33
147 303 0.85
303 305 0.24
305 303 0.25
304 4 0.76
4 304 0.34
304 68 0.04
68 304 0.07
304 291 0.91
291 304 0.8
304 375 0.53
375 304 0.18
305 33 0.79
33 305 0.65
305 130 0.58
130 305 0.41
305 303 0.12
303 305 0.39
306 82 0.79
82 306 0.82
306 183 0.99
183 306 0.65
306 197 0.62
197 306 0.6
306 363 0.86
363 306 0.06
307 4 0.12
4 307 0.76
307 24 0.0
24 307 0.6
307 40 0.43
40 307 0.62
308 10 0.74
10 308 0.29
308 58 0.64
58 308 0.11
308 174 0.64
174 308 0.59
308 469 0.45
469 308 0.24
309 31 0.5
31 309 0.81
309 101 0.02
101 309 0.88
309 233 0.91
233 309 0.3
310 7 0.76
7 310 0.9
310 40 0.04
40 310 0.02
310 205 0.65
205 310 0.38
310 315 0.23
315 310 0.19
311 4 0.34
4 311 0.65
311 13 0.23
13 311 0.09
311 25 0.38
25 311 0.2
311 327 0.06
327 311 0.38
312 0 0.23
0 312 0.54
312 20 0.03
20 312 0.75
312 67 0.89
67 312 0.85
312 415 0.16
415 312 0.09
312 438 0.74
438 312 0.34
313 26 0.12
26 313 0.98
313 45 0.92
45 313 0.39
313 158 0.62
158 313 0.21
314 2 0.21
2 314 0.86
314 201 0.73
201 314 0.86
314 249 0.32
249 314 0.32
314 455 0.51
455 314 0.05
315 10 0.81
10 315 0.26
315 161 0.63
161 315 0.58
315 310 0.28
310 315 0.62
316 19 0.4
19 316 0.45
316 59 0.51
59 316 0.23
316 200 0.68
200 316 0.01
316 451 0.77
451 316 0.71
317 115 0.71
115 317 0.83
317 188 0.82
188 317 0.2
317 249 0.77
249 317 0.1
317 499 0.23
499 317 0.42
318 9 0.66
9 318 0.69
318 188 0.03
188 318 0.42
318 194 0.6
194 318 0.46
319 4 0.84
4 319 0.05
319 95 0.07
95 319 0.55
319 302 0.57
302 319 0.68
319 396 0.16
396 319 0.68
320 38 0.09
38 320 0.14
320 80 0.94
80 320 0.02
320 293 0.78
293 320 0.16
321 5 0.18
5 321 0.26
321 49 0.92
49 321 0.67
321 135 0.48
135 321 0.7
321 438 0.62
438 321 0.2
322 3 0.98
3 322 0.18
322 48 0.64
48 322 0.45
322 277 0.34
277 322 0.29
322 463 0.7
463 322 0.59
322 472 0.94
472 322 0.87
323 7 0.56
7 323 0.95
323 55 0.06
55 323 0.97
323 63 0.77
63 323 0.62
323 368 0.51
368 323 0.6
323 447 0.25
447 323 0.72
324 10 0.67
10 324 0.49
324 71 0.16
71 324 0.22
324 252 0.04
252 324 0.94
325 0 0.49
0 325 0.43
325 8 0.63
8 325 0.88
325 10 0.91
10 325 0.68
326 49 0.91
49 326 0.87
326 122 0.31
122 326 0.03
326 224 0.3
224 326 0.8
327 130 0.8
130 327 0.08
327 150 0.36
150 327 0.48
327 311 0.39
311 327 0.83
328 7 0.9
7 328 0.19
328 135 0.61
135 328 0.17
328 193 0.58
193 328 0.5
329 72 0.5
72 329 0.16
329 117 0.48
117 329 0.72
329 241 0.99
241 329 0.19
329 357 0.17
357 329 0.37
330 0 0.68
0 330 0.02
330 65 0.41
65 330 0.74
330 265 0.46
265 330 0.72
331 33 0.46
33 331 0.51
331 44 0.25
44 331 0.56
331 98 0.08
98 331 0.49
332 9 0.88
9 332 0.1
332 28 0.34
28 332 0.15
332 256 0.68
256 332 0.48
332 398 0.94
398 332 0.04
333 5 0.18
5 333 0.26
333 88 0.57
88 333 0.93
333 289 0.14
289 333 0.89
333 345 0.97
345 333 0.14
334 59 0.49
59 334 0.18
334 158 0.02
158 334 0.1
334 213 0.5
213 334 0.84
335 84 0.98
84 335 0.69
335 132 0.94
132 335 0.33
335 205 0.22
205 335 0.7
336 145 0.15
145 336 0.64
336 181 0.96
181 336 0.88
336 203 0.07
203 336 0.28
337 19 0.82
19 337 0.54
337 51 0.09
51 337 0.34
337 201 0.56
201 337 0.92
338 39 0.13
39 338 0.17
338 124 0.57
124 338 0.4
338 240 0.33
240 338 0.97
339 9 1.0
9 339 0.76
339 139 0.39
139 339 0.23
339 171 0.7
171 339 0.89
340 57 0.18
57 340 0.88
340 108 0.14
108 340 0.92
340 116 0.58
116 340 0.03
340 414 0.55
414 340 0.59
340 453 0.15
453 340 0.15
341 29 0.26
29 341 0.43
341 109 0.0
109 341 0.89
341 221 0.69
221 341 0.15
342 12 0.44
12 342 0.54
342 67 0.83
67 342 0.11
342 202 0.44
202 342 0.74
343 10 0.7
10 343 0.51
343 177 0.47
177 343 0.64
343 293 0.1
293 343 0.87
343 344 0.73
344 343 0.1
343 357 0.91
357 343 0.89
343 412 0.62
412 343 0.64
344 117 0.43
117 344 0.27
344 205 0.73
205 344 0.88
344 343 0.86
343 344 0.79
345 5 0.74
5 345 0.27
345 116 0.53
116 345 0.9
345 333 0.13
333 345 0.56
346 4 0.26
4 346 0.44
346 8 0.44
8 346 0.81
346 111 0.05
111 346 0.87
346 431 0.52
431 346 0.1
347 41 0.99
41 347 0.23
347 84 0.05
84 347 0.4
347 90 0.58
90 347 0.91
348 8 0.13
8 348 0.33
348 206 0.84
206 348 0.62
348 259 0.97
259 348 0.97
348 457 0.53
457 348 0.32
349 115 0.1
115 349 0.78
349 177 0.34
177 349 0.6
349 291 0.67
291 349 0.03
349 354 0.1
354 349 0.21
350 70 0.38
70 350 0.27
350 74 0.46
74 350 0.42
350 150 0.67
150 350 0.07
351 58 0.92
58 351 1.0
351 80 0.48
80 351 0.48
351 92 0.06
92 351 0.72
351 445 0.71
445 351 0.72
352 220 0.59
220 352 0.55
352 233 0.06
233 352 0.16
352 276 0.31
276 352 0.42
353 5 0.01
5 353 0.46
353 247 0.9
247 353 0.2
353 260 0.6
260 353 0.01
353 431 0.0
431 353 0.32
354 31 0.6
31 354 0.68
354 240 0.18
240 354 0.11
354 349 0.56
349 354 0.55
354 446 0.35
446 354 0.18
355 0 0.39
0 355 0.06
355 117 0.07
117 355 0.26
355 224 0.65
224 355 0.57
356 169 0.03
169 356 0.58
356 259 0.33
259 356 0.26
356 270 0.48
270 356 0.98
356 443 0.81
443 356 0.01
357 7 0.17
7 357 0.54
357 329 0.24
329 357 0.88
357 343 0.97
343 357 0.82
357 359 0.08
359 357 0.99
358 6 0.5
6 358 0.1
358 49 0.85
49 358 0.99
358 104 0.63
104 358 0.91
358 461 0.15
461 358 0.1
359 40 0.17
40 359 0.37
359 72 0.52
72 359 0.72
359 357 0.86
357 359 0.15
359 428 0.82
428 359 0.32
360 41 0.64
41 360 0.31
360 83 0.87
83 360 0.27
360 190 0.81
190 360 0.15
361 10 0.07
10 361 0.66
361 59 0.79
59 361 0.48
361 291 0.66
291 361 0.62
361 419 0.46
419 361 0.23
362 5 0.76
5 362 0.25
362 10 0.83
10 362 0.7
362 13 0.1
13 362 0.74
363 19 0.91
19 363 0.88
363 104 0.92
104 363 0.4
363 306 0.27
306 363 0.65
364 58 0.71
58 364 0.78
364 75 0.03
75 364 0.12
364 218 0.14
218 364 0.94
365 26 0.6
26 365 0.15
365 159 0.06
159 365 0.32
365 208 0.75
208 365 0.81
365 369 0.7
369 365 0.96
366 84 0.32
84 366 0.23
366 128 0.54
128 366 0.93
366 169 0.91
169 366 0.3
366 403 0.53
403 366 0.92
367 0 0.16
0 367 0.91
367 31 0.37
31 367 0.66
367 74 0.37
74 367 0.2
368 79 0.99
79 368 0.94
368 131 0.94
131 368 0.03
368 323 0.52
323 368 0.12
369 8 0.6
8 369 0.4
369 228 0.34
228 369 0.2
369 365 0.45
365 369 0.8
370 34 0.35
34 370 0.36
370 38 0.29
38 370 0.68
370 49 0.0
49 370 0.15
371 6 0.42
6 371 0.08
371 130 0.36
130 371 0.01
371 292 0.97
292 371 0.28
372 7 0.81
7 372 0.0
372 181 0.63
181 372 0.37
372 206 0.98
206 372 0.36
372 454 0.31
454 372 0.81
373 58 0.87
58 373 0.1
373 88 0.33
88 373 0.68
373 207 0.74
207 373 0.89
374 85 0.51
85 374 0.57
374 174 0.64
174 374 0.01
374 231 0.04
231 374 0.42
374 473 0.33
473 374 0.78
374 483 0.67
483 374 0.42
375 201 0.25
201 375 0.78
375 253 0.9
253 375 0.64
375 304 0.23
304 375 0.32
375 495 0.68
495 375 0.93
376 3 0.21
3 376 0.19
376 5 0.84
5 376 0.55
376 33 0.92
33 376 0.96
377 5 0.7
5 377 0.78
377 146 0.19
146 377 0.12
377 201 0.81
201 377 0.78
378 5 0.95
5 378 0.23
378 112 0.89
112 378 0.2
378 285 0.71
285 378 0.93
379 22 0.42
22 379 0.68
379 133 0.89
133 379 0.45
379 227 0.34
227 379 0.34
380 64 0.07
64 380 0.24
380 86 0.79
86 380 0.66
380 135 0.09
135 380 0.93
381 80 0.11
80 381 0.15
381 107 0.34
107 381 0.9
381 287 0.54
287 381 0.52
382 8 0.59
8 382 0.98
382 63 0.17
63 382 0.55
382 110 0.84
110 382 0.55
382 426 0.17
426 382 0.87
382 478 0.43
478 382 0.59
383 0 0.74
0 383 0.79
383 11 0.59
11 383 0.28
383 35 0.18
35 383 0.11
384 83 0.88
83 384 0.18
384 154 0.99
154 384 0.16
384 212 0.56
212 384 0.63
385 104 0.34
104 385 0.07
385 107 0.98
107 385 0.25
385 170 0.3
170 385 0.79
385 496 0.3
496 385 0.81
386 2 0.83
2 386 0.43
386 108 0.66
108 386 0.28
386 235 0.73
235 386 0.23
387 4 0.31
4 387 0.66
387 97 0.91
97 387 0.58
387 275 0.73
275 387 0.61
388 16 0.54
16 388 0.75
388 51 0.42
51 388 0.96
388 107 0.06
107 388 0.5
388 477 1.0
477 388 0.62
389 67 0.28
67 389 0.95
389 119 0.38
119 389 0.26
389 256 0.58
256 389 0.0
389 449 0.44
449 389 0.47
390 82 0.13
82 390 0.84
390 249 0.0
249 390 0.41
390 255 0.02
255 390 0.5
391 9 0.69
9 391 0.68
391 60 0.96
60 391 0.66
391 289 0.23
289 391 0.16
392 8 0.79
8 392 0.07
392 181 0.03
181 392 0.9
392 285 0.86
285 392 0.49
393 0 0.89
0 393 0.75
393 84 0.26
84 393 0.6
393 179 0.64
179 393 0.63
393 414 0.59
414 393 0.41
393 420 0.63
420 393 0.18
394 6 0.72
6 394 0.52
394 13 0.57
13 394 0.48
394 23 0.32
23 394 0.24
395 55 0.66
55 395 0.9
395 90 0.21
90 395 0.03
395 282 0.19
282 395 0.59
396 2 0.58
2 396 0.03
396 88 0.55
88 396 0.61
396 319 0.71
319 396 0.01
397 13 0.98
13 397 0.8
397 75 0.59
75 397 0.69
397 266 0.22
266 397 0.21
398 4 0.44
4 398 0.95
398 5 0.53
5 398 0.98
398 332 0.15
332 398 0.91
399 80 0.95
80 399 0.81
399 101 0.3
101 399 0.71
399 178 0.04
178 399 0.06
400 13 0.35
13 400 0.8
400 28 0.06
28 400 0.17
400 109 0.74
109 400 0.76
400 448 0.81
448 400 0.93
400 458 0.96
458 400 0.99
400 488 0.42
488 400 0.0
401 61 0.72
61 401 0.9
401 72 0.85
72 401 0.14
401 77 0.99
77 401 0.37
401 474 0.2
474 401 0.33
402 4 0.76
4 402 0.32
402 12 0.25
12 402 0.64
402 48 0.39
48 402 0.79
402 493 0.79
493 402 0.36
403 54 0.71
54 403 0.42
403 64 0.5
64 403 0.6
403 366 0.68
366 403 0.58
404 43 0.34
43 404 0.39
404 49 0.71
49 404 0.52
404 103 0.09
103 404 0.28
405 1 0.4
1 405 0.83
405 82 1.0
82 405 0.01
405 98 0.44
98 405 0.58
406 192 0.24
192 406 0.8
406 239 0.11
239 406 0.1
406 278 0.42
278 406 0.97
406 442 0.24
442 406 0.51
407 9 0.54
9 407 0.39
407 85 0.06
85 407 0.66
407 147 0.35
147 407 0.51
408 13 0.41
13 408 0.69
408 130 0.83
130 408 0.97
408 173 0.11
173 408 0.25
409 21 0.26
21 409 0.47
409 42 0.54
42 409 0.05
409 150 0.83
150 409 0.78
410 19 0.25
19 410 0.15
410 23 0.74
23 410 0.61
410 139 0.64
139 410 0.9
411 13 0.98
13 411 0.35
411 34 0.06
34 411 0.75
411 151 0.75
151 411 0.08
411 466 0.84
466 411 0.39
412 30 0.54
30 412 0.59
412 104 0.75
104 412 0.01
412 343 0.54
343 412 0.03
412 461 0.61
461 412 0.39
413 0 0.04
0 413 0.63
413 8 0.67
8 413 0.71
413 296 0.95
296 413 0.39
414 6 0.43
6 414 0.42
414 340 0.07
340 414 0.76
414 393 0.05
393 414 0.82
415 59 0.37
59 415 0.94
415 206 0.71
206 415 0.33
415 312 0.75
312 415 0.66
415 421 0.81
421 415 0.98
415 435 0.27
435 415 0.55
415 444 0.2
444 415 0.28
416 9 0.99
9 416 0.23
416 21 0.88
21 416 0.53
416 203 0.01
203 416 0.13
417 9 0.82
9 417 0.51
417 269 0.5
269 417 0.77
417 301 0.46
301 417 0.41
418 1 0.45
1 418 0.93
418 93 0.95
93 418 0.41
418 290 0.81
290 418 0.92
418 421 0.16
421 418 0.03
419 0 0.28
0 419 0.3
419 13 0.13
13 419 0.11
419 361 0.48
361 419 0.27
420 22 0.35
22 420 0.03
420 41 0.24
41 420 0.16
420 393 0.2
393 420 0.5
421 8 0.8
8 421 0.8
421 415 0.57
415 421 0.91
421 418 0.88
418 421 0.72
422 4 0.15
4 422 0.55
422 67 0.57
67 422 0.37
422 90 0.28
90 422 0.88
423 22 0.8
22 423 0.43
423 47 0.38
47 423 0.98
423 167 0.44
167 423 0.92
424 0 0.99
0 424 0.52
424 28 0.16
28 424 0.27
424 50 0.05
50 424 0.95
425 41 0.37
41 425 0.73
425 46 0.34
46 425 0.28
425 246 0.73
246 425 0.76
426 84 0.79
84 426 0.25
426 86 0.03
86 426 0.3
426 382 0.54
382 426 0.94
427 33 0.88
33 427 0.58
427 52 0.79
52 427 0.15
427 88 0.54
88 427 0.8
428 80 0.97
80 428 0.07
428 106 0.99
106 428 0.92
428 359 0.76
359 428 0.55
429 4 0.65
4 429 0.68
429 43 0.81
43 429 0.92
429 64 0.54
64 429 0.68
430 36 0.8
36 430 0.16
430 127 0.07
127 430 0.84
430 128 0.46
128 430 0.87
431 179 0.7
179 431 0.23
431 346 0.6
346 431 0.05
431 353 0.96
353 431 0.28
432 3 0.37
3 432 0.47
432 139 0.56
139 432 0.54
432 208 0.44
208 432 0.43
433 172 0.74
172 433 0.21
433 205 0.64
205 433 0.23
433 217 0.15
217 433 0.03
434 10 0.1
10 434 0.56
434 75 0.46
75 434 0.44
434 93 0.75
93 434 0.71
434 484 0.53
484 434 0.81
435 84 0.89
84 435 0.88
435 150 0.24
150 435 0.44
435 415 0.87
415 435 0.79
436 84 0.66
84 436 0.98
436 127 0.97
127 436 0.11
436 177 0.44
177 436 0.34
437 33 0.95
33 437 0.16
437 116 0.92
116 437 0.93
437 146 0.99
146 437 0.01
438 88 0.71
88 438 0.47
438 312 0.8
312 438 0.15
438 321 0.81
321 438 0.41
439 5 0.69
5 439 0.13
439 27 0.42
27 439 0.72
439 118 0.63
118 439 0.78
440 1 0.41
1 440 0.64
440 3 0.32
3 440 0.06
440 225 0.39
225 440 0.46
441 22 0.22
22 441 0.56
441 110 0.13
110 441 0.7
441 196 0.08
196 441 0.01
441 486 0.43
486 441 0.1
442 11 0.73
11 442 0.4
442 41 0.32
41 442 0.88
442 406 0.4
406 442 0.66
443 50 0.16
50 443 0.69
443 198 0.8
198 443 0.54
443 356 0.58
356 443 0.12
444 107 0.2
107 444 0.99
444 177 0.51
177 444 0.46
444 415 0.9
415 444 0.74
445 5 0.33
5 445 0.33
445 165 0.86
165 445 0.92
445 351 0.13
351 445 0.73
446 22 0.26
22 446 0.57
446 194 0.1
194 446 0.22
446 354 0.33
354 446 0.48
446 470 0.68
470 446 0.94
447 12 0.57
12 447 0.83
447 276 0.22
276 447 0.31
447 323 0.91
323 447 0.99
448 0 0.25
0 448 0.3
448 216 0.21
216 448 0.91
448 400 0.73
400 448 0.03
448 490 0.98
490 448 0.09
449 6 0.76
6 449 0.31
449 28 0.93
28 449 0.6
449 389 0.9
389 449 0.82
450 12 0.93
12 450 0.13
450 13 0.3
13 450 0.7
450 167 0.35
167 450 0.3
451 7 0.44
7 451 0.32
451 159 0.99
159 451 0.01
451 316 0.55
316 451 0.71
452 16 0.72
16 452 0.79
452 21 0.45
21 452 0.94
452 217 0.24
217 452 0.73
453 22 0.35
22 453 0.26
453 86 0.95
86 453 0.5
453 340 0.44
340 453 0.63
454 13 0.13
13 454 0.65
454 54 0.61
54 454 0.53
454 372 0.78
372 454 0.61
455 140 0.28
140 455 0.93
455 173 0.6
173 455 0.12
455 314 0.16
314 455 0.74
456 3 0.89
3 456 0.48
456 15 0.16
15 456 0.18
456 285 0.62
285 456 0.44
457 84 0.58
84 457 0.87
457 286 0.08
286 457 0.88
457 348 0.62
348 457 0.55
457 460 0.64
460 457 0.33
457 462 0.21
462 457 0.45
458 180 0.62
180 458 0.33
458 204 0.62
204 458 0.1
458 400 0.17
400 458 0.01
458 475 0.82
475 458 0.56
459 21 0.01
21 459 0.09
459 91 0.5
91 459 0.59
459 259 0.48
259 459 0.44
460 93 0.7
93 460 0.75
460 159 0.27
159 460 0.12
460 457 0.03
457 460 0.06
461 150 0.17
150 461 0.66
461 358 0.04
358 461 0.54
461 412 0.6
412 461 0.51
462 1 0.17
1 462 0.44
462 10 0.72
10 462 0.61
462 457 0.77
457 462 0.19
463 224 0.07
224 463 0.47
463 278 0.37
278 463 0.72
463 322 0.54
322 463 0.16
464 5 0.5
5 464 0.06
464 212 0.54
212 464 0.46
464 286 0.22
286 464 0.44
465 28 0.11
28 465 0.82
465 97 0.86
97 465 0.18
465 240 0.94
240 465 0.15
466 14 0.69
14 466 0.53
466 112 0.75
112 466 0.7
466 411 0.51
411 466 0.16
467 1 0.83
1 467 0.9
467 3 0.71
3 467 0.68
467 115 0.89
115 467 0.34
468 1 0.62
1 468 0.29
468 92 0.82
92 468 0.32
468 217 0.35
217 468 0.86
469 4 0.74
4 469 0.31
469 65 0.7
65 469 0.23
469 308 0.99
308 469 0.28
469 476 0.28
476 469 0.93
470 19 0.12
19 470 0.15
470 44 0.33
44 470 0.85
470 446 0.77
446 470 0.56
471 33 0.15
33 471 0.51
471 38 0.38
38 471 0.53
471 190 0.56
190 471 0.79
472 93 0.55
93 472 0.75
472 302 0.58
302 472 0.42
472 322 0.78
322 472 0.53
472 487 0.17
487 472 0.84
473 35 0.54
35 473 0.24
473 96 0.68
96 473 0.23
473 374 0.65
374 473 0.25
474 9 0.94
9 474 0.85
474 121 0.14
121 474 0.38
474 401 0.61
401 474 0.57
475 39 0.51
39 475 0.15
475 130 0.17
130 475 0.46
475 458 0.29
458 475 0.4
476 51 0.56
51 476 0.33
476 175 0.82
175 476 0.02
476 469 0.35
469 476 0.22
477 34 0.11
34 477 0.03
477 207 0.29
207 477 0.27
477 388 0.5
388 477 0.55
478 14 0.81
14 478 0.11
478 59 0.55
59 478 0.66
478 382 0.92
382 478 0.99
479 40 0.82
40 479 0.88
479 92 0.98
92 479 0.15
479 181 0.43
181 479 0.78
480 0 0.45
0 480 0.05
480 86 0.83
86 480 0.42
480 205 0.14
205 480 0.53
481 16 0.4
16 481 0.65
481 67 0.09
67 481 0.89
481 159 0.54
159 481 0.26
482 1 0.14
1 482 0.67
482 5 0.75
5 482 0.77
482 29 0.74
29 482 0.47
483 10 0.75
10 483 0.84
483 116 0.6
116 483 0.5
483 374 0.27
374 483 0.35
484 22 0.22
22 484 0.9
484 256 0.53
256 484 0.92
484 434 0.68
434 484 0.18
484 497 0.65
497 484 0.28
485 98 0.77
98 485 0.9
485 159 0.75
159 485 0.42
485 183 0.9
183 485 0.65
486 0 0.59
0 486 0.36
486 195 0.37
195 486 0.22
486 441 0.43
441 486 0.19
487 70 0.58
70 487 0.84
487 80 0.56
80 487 0.02
487 472 0.49
472 487 0.84
487 497 0.1
497 487 0.84
488 45 0.7
45 488 0.55
488 147 0.13
147 488 0.11
488 400 0.33
400 488 0.53
489 6 0.06
6 489 0.7
489 130 0.39
130 489 0.2
489 197 0.56
197 489 0.16
490 8 0.83
8 490 0.78
490 79 0.22
79 490 0.87
490 448 0.77
448 490 0.69
491 11 0.33
11 491 0.7
491 80 0.55
80 491 0.32
491 244 0.66
244 491 0.13
492 46 0.69
46 492 0.43
492 172 0.39
172 492 0.5
492 249 0.35
249 492 0.53
493 1 0.41
1 493 0.63
493 278 0.77
278 493 0.26
493 402 0.11
402 493 0.29
494 56 0.58
56 494 0.82
494 68 0.87
68 494 0.71
494 166 0.17
166 494 0.72
495 229 0.05
229 495 0.27
495 259 0.43
259 495 0.74
495 375 0.06
375 495 0.76
496 5 0.78
5 496 0.44
496 57 0.21
57 496 0.39
496 385 0.22
385 496 0.55
497 150 0.5
150 497 0.42
497 484 0.88
484 497 0.15
497 487 0.63
487 497 0.54
498 41 0.7
41 498 0.88
498 52 0.24
52 498 0.58
498 143 0.86
143 498 0.32
499 6 0.91
6 499 0.24
499 77 0.79
77 499 0.58
499 317 0.33
317 499 0.79
