0 1 0.74
1 0 0.14
0 2 0.98
2 0 0.4
0 3 0.4
3 0 0.3
0 4 0.9
4 0 0.9
0 5 0.5
5 0 1.0
0 6 0.42
6 0 0.85
1 0 0.72
0 1 0.64
1 5 0.45
5 1 0.7
1 6 0.28
6 1 0.64
1 230 0.54
230 1 0.36
1 231 0.39
231 1 0.45
1 368 0.67
368 1 0.95
1 403 0.98
403 1 0.42
1 450 0.07
450 1 0.73
1 451 0.81
451 1 0.26
2 0 0.07
0 2 0.08
2 4 0.66
4 2 0.27
2 8 0.32
8 2 0.43
2 9 0.12
9 2 0.34
2 26 0.15
26 2 0.27
2 43 0.02
43 2 0.93
2 47 0.93
47 2 0.23
2 61 0.72
61 2 0.99
2 70 0.23
70 2 0.25
2 174 0.75
174 2 0.77
2 183 0.18
183 2 0.04
2 244 0.26
244 2 0.85
2 245 0.58
245 2 0.96
2 249 0.29
249 2 0.88
2 250 0.84
250 2 0.23
3 0 0.08
0 3 0.03
3 186 0.34
186 3 0.85
4 0 0.67
0 4 0.18
4 2 0.87
2 4 0.93
4 11 0.08
11 4 0.69
4 26 0.58
26 4 0.16
4 27 0.77
27 4 0.64
4 52 0.55
52 4 0.59
4 60 0.49
60 4 0.27
4 63 0.05
63 4 0.42
4 66 0.21
66 4 0.42
4 72 0.49
72 4 0.88
4 94 0.56
94 4 0.4
4 96 0.23
96 4 0.94
4 107 0.12
107 4 0.1
4 165 0.54
165 4 0.11
4 181 0.95
181 4 0.1
4 183 0.92
183 4 0.94
4 186 0.44
186 4 0.84
4 208 0.91
208 4 0.56
4 235 0.57
235 4 0.29
4 240 0.58
240 4 0.21
4 241 0.19
241 4 0.23
4 244 0.51
244 4 0.92
4 245 0.64
245 4 0.1
4 262 0.5
262 4 0.76
4 290 0.68
290 4 0.35
4 429 0.06
429 4 0.4
4 438 0.27
438 4 0.34
5 0 0.28
0 5 0.27
5 1 0.02
1 5 0.6
5 6 0.75
6 5 0.31
5 230 0.57
230 5 0.13
5 328 0.01
328 5 0.02
5 330 0.39
330 5 0.2
5 402 0.28
402 5 0.28
5 415 0.83
415 5 0.33
5 451 0.77
451 5 0.41
6 0 0.87
0 6 0.78
6 1 0.85
1 6 0.64
6 5 0.2
5 6 0.07
6 203 0.75
203 6 0.06
6 230 0.89
230 6 0.61
6 231 0.56
231 6 0.78
6 327 0.42
327 6 0.97
6 330 0.93
330 6 0.2
6 346 0.02
346 6 0.44
6 347 0.52
347 6 0.11
6 348 0.42
348 6 0.16
6 368 0.36
368 6 0.87
6 385 0.39
385 6 0.0
6 386 0.39
386 6 0.07
6 403 0.04
403 6 0.69
6 415 0.14
415 6 0.71
6 451 0.31
451 6 0.64
7 8 0.78
8 7 0.97
7 9 0.59
9 7 0.67
8 2 0.3
2 8 0.67
8 7 0.55
7 8 0.55
8 9 0.07
9 8 0.01
8 10 0.86
10 8 0.45
8 11 0.91
11 8 0.41
8 12 0.87
12 8 0.68
8 17 0.34
17 8 0.47
8 25 0.81
25 8 0.47
8 26 0.0
26 8 0.12
8 27 0.66
27 8 0.16
8 29 0.53
29 8 0.92
8 31 0.21
31 8 0.93
8 39 0.91
39 8 0.16
8 43 0.4
43 8 0.65
8 51 0.83
51 8 0.75
8 52 0.78
52 8 0.86
8 53 0.39
53 8 0.57
8 59 0.04
59 8 0.67
8 60 0.49
60 8 0.35
8 62 0.81
62 8 0.62
8 63 0.25
63 8 0.82
8 64 0.75
64 8 0.45
8 65 0.76
65 8 0.87
8 66 0.6
66 8 0.77
8 67 0.06
67 8 0.06
8 69 0.81
69 8 0.09
8 71 0.81
71 8 0.47
8 72 0.46
72 8 0.34
8 73 0.17
73 8 0.63
8 80 0.44
80 8 0.78
8 81 0.53
81 8 0.75
8 82 0.8
82 8 0.65
8 83 0.15
83 8 0.99
8 84 0.72
84 8 0.37
8 86 0.21
86 8 0.06
8 87 0.92
87 8 0.29
8 90 0.2
90 8 0.06
8 91 0.11
91 8 0.6
8 93 0.02
93 8 0.32
8 96 0.74
96 8 0.65
8 97 0.97
97 8 0.22
8 104 0.12
104 8 0.33
8 105 0.93
105 8 0.46
8 106 0.34
106 8 0.12
8 108 0.23
108 8 0.28
8 109 0.32
109 8 0.14
8 123 0.96
123 8 0.62
8 125 0.97
125 8 0.05
8 133 0.09
133 8 0.27
8 140 0.02
140 8 0.15
8 141 0.46
141 8 0.42
8 142 0.42
142 8 0.26
8 143 0.74
143 8 0.35
8 144 0.73
144 8 0.98
8 165 0.31
165 8 0.3
8 174 0.61
174 8 0.55
8 175 0.49
175 8 0.66
8 176 0.45
176 8 0.8
8 179 0.46
179 8 0.36
8 181 0.14
181 8 0.99
8 182 0.13
182 8 0.26
8 183 0.83
183 8 0.21
8 184 0.89
184 8 0.68
8 185 0.72
185 8 0.95
8 186 0.9
186 8 0.83
8 187 0.46
187 8 0.84
8 195 0.69
195 8 0.16
8 196 0.75
196 8 0.64
8 197 0.04
197 8 0.48
8 199 0.81
199 8 0.71
8 200 0.14
200 8 0.5
8 206 0.05
206 8 0.86
8 209 0.61
209 8 0.05
8 210 0.72
210 8 0.7
8 214 0.16
214 8 0.53
8 220 0.84
220 8 0.05
8 234 0.21
234 8 0.84
8 235 0.55
235 8 0.69
8 236 0.17
236 8 0.27
8 237 0.65
237 8 0.37
8 240 0.65
240 8 0.17
8 241 0.55
241 8 0.67
8 242 0.66
242 8 0.18
8 243 0.3
243 8 0.96
8 244 0.26
244 8 0.42
8 245 0.93
245 8 0.28
8 248 0.07
248 8 0.03
8 250 0.87
250 8 0.47
8 251 0.41
251 8 0.36
8 257 0.59
257 8 0.07
8 262 0.57
262 8 0.11
8 266 0.22
266 8 0.13
8 276 0.04
276 8 0.63
8 285 0.75
285 8 0.4
8 289 0.32
289 8 0.58
8 290 0.13
290 8 0.73
8 292 0.94
292 8 0.03
8 295 0.21
295 8 0.06
8 296 0.97
296 8 0.05
8 297 0.76
297 8 0.28
8 307 0.06
307 8 0.62
8 323 0.27
323 8 0.03
8 324 0.75
324 8 0.3
8 325 0.14
325 8 0.73
8 340 0.99
340 8 0.17
8 341 0.74
341 8 0.24
8 351 0.35
351 8 0.96
8 353 0.69
353 8 0.89
8 356 0.89
356 8 0.35
8 358 0.08
358 8 0.32
8 359 0.59
359 8 0.08
8 365 0.37
365 8 0.04
8 366 0.43
366 8 1.0
8 375 0.75
375 8 0.47
8 381 0.94
381 8 0.54
8 391 0.9
391 8 0.48
8 392 0.2
392 8 0.76
8 408 0.64
408 8 0.19
8 422 0.63
422 8 0.06
8 427 0.89
427 8 0.8
8 429 0.41
429 8 0.94
8 431 0.22
431 8 0.07
8 434 0.15
434 8 0.67
8 438 0.91
438 8 0.33
8 439 0.71
439 8 0.24
8 440 0.6
440 8 0.99
8 441 0.56
441 8 0.57
8 442 0.56
442 8 0.25
8 443 0.5
443 8 0.56
8 444 0.77
444 8 0.06
8 445 0.91
445 8 0.11
8 446 0.22
446 8 0.67
9 2 0.45
2 9 0.7
9 7 0.44
7 9 0.28
9 8 0.65
8 9 0.9
9 11 0.11
11 9 0.59
9 26 0.96
26 9 0.16
9 27 0.37
27 9 0.49
9 43 0.99
43 9 0.26
9 51 0.53
51 9 0.67
9 52 0.06
52 9 0.3
9 53 0.09
53 9 0.24
9 60 0.67
60 9 0.44
9 63 0.3
63 9 0.02
9 64 0.88
64 9 0.15
9 66 0.26
66 9 0.3
9 72 0.11
72 9 0.03
9 80 0.97
80 9 0.46
9 82 0.93
82 9 0.39
9 84 0.78
84 9 0.91
9 93 0.77
93 9 0.91
9 96 0.83
96 9 0.56
9 97 0.04
97 9 0.87
9 108 0.84
108 9 0.76
9 123 0.05
123 9 0.35
9 125 0.46
125 9 0.05
9 133 0.34
133 9 0.94
9 140 0.5
140 9 0.58
9 144 0.31
144 9 0.93
9 174 0.17
174 9 0.35
9 179 0.55
179 9 0.83
9 181 0.6
181 9 0.13
9 185 0.52
185 9 0.61
9 197 0.71
197 9 0.81
9 234 0.29
234 9 0.59
9 236 0.81
236 9 0.47
9 240 0.74
240 9 0.62
9 241 0.67
241 9 0.81
9 244 0.12
244 9 0.59
9 257 0.91
257 9 0.07
9 262 0.06
262 9 0.94
9 289 0.27
289 9 0.16
9 295 0.03
295 9 0.42
9 358 0.0
358 9 0.84
9 366 0.61
366 9 0.31
9 381 0.25
381 9 0.16
9 408 0.37
408 9 0.83
9 422 0.63
422 9 0.7
9 429 0.38
429 9 0.37
10 8 0.91
8 10 0.08
10 11 0.64
11 10 0.78
10 12 0.52
12 10 0.69
11 4 0.16
4 11 0.41
11 8 0.87
8 11 0.36
11 9 0.79
9 11 0.51
11 10 0.86
10 11 0.58
11 12 0.62
12 11 0.4
11 24 0.49
24 11 0.71
11 26 0.07
26 11 0.05
11 52 0.25
52 11 0.24
11 55 0.74
55 11 0.36
11 59 0.51
59 11 0.14
11 61 0.22
61 11 0.25
11 65 0.35
65 11 0.37
11 66 0.11
66 11 0.56
11 70 0.18
70 11 0.02
11 90 0.42
90 11 0.77
11 144 0.77
144 11 0.67
11 172 0.99
172 11 0.75
11 174 0.04
174 11 0.31
11 180 0.03
180 11 0.07
11 184 0.44
184 11 0.4
11 186 0.88
186 11 0.95
11 223 0.54
223 11 0.49
11 236 0.74
236 11 0.4
11 242 0.35
242 11 0.75
11 244 0.23
244 11 0.82
11 274 0.24
274 11 0.29
11 287 0.89
287 11 0.2
11 356 0.74
356 11 0.17
11 381 0.11
381 11 0.58
11 392 0.81
392 11 0.31
11 393 0.01
393 11 0.84
12 8 0.71
8 12 0.68
12 10 0.01
10 12 0.23
12 11 0.34
11 12 0.52
12 27 0.24
27 12 0.36
12 66 0.54
66 12 0.91
12 266 0.0
266 12 0.76
12 287 0.9
287 12 0.7
12 291 0.32
291 12 0.59
12 409 0.53
409 12 0.39
12 410 0.84
410 12 0.77
12 472 0.88
472 12 0.58
13 14 0.73
14 13 0.16
13 15 0.05
15 13 0.26
13 16 0.82
16 13 0.53
13 17 0.04
17 13 0.55
13 18 0.56
18 13 0.73
13 19 0.64
19 13 0.37
13 20 0.04
20 13 0.66
13 21 0.53
21 13 0.41
13 22 0.53
22 13 0.25
13 23 0.13
23 13 0.93
14 13 0.46
13 14 0.62
14 15 0.18
15 14 0.31
14 21 0.66
21 14 0.67
14 85 0.75
85 14 0.61
14 133 0.66
133 14 0.06
14 193 0.44
193 14 0.55
14 194 0.14
194 14 0.38
15 13 0.14
13 15 0.65
15 14 0.04
14 15 0.48
15 18 1.0
18 15 0.53
15 20 0.51
20 15 0.59
15 22 0.35
22 15 0.7
15 191 0.35
191 15 0.84
15 193 0.5
193 15 0.31
15 194 0.65
194 15 0.21
15 283 0.13
283 15 0.78
15 394 0.5
394 15 0.65
16 13 0.91
13 16 0.94
16 17 0.51
17 16 0.06
16 19 0.62
19 16 0.5
16 191 0.72
191 16 0.8
16 192 0.25
192 16 0.02
16 193 0.5
193 16 0.88
16 194 0.09
194 16 0.1
17 8 0.18
8 17 0.43
17 13 0.5
13 17 0.9
17 16 0.25
16 17 0.63
17 25 0.23
25 17 0.68
17 47 0.17
47 17 0.71
17 52 0.03
52 17 0.22
17 64 0.61
64 17 0.84
17 72 0.68
72 17 0.54
17 74 0.21
74 17 0.42
17 79 1.0
79 17 0.28
17 161 0.03
161 17 0.14
17 164 0.08
164 17 0.42
17 168 0.08
168 17 0.97
17 169 0.18
169 17 0.76
17 245 0.4
245 17 0.24
17 247 0.13
247 17 0.71
17 270 0.18
270 17 0.01
17 369 0.49
369 17 0.15
17 419 0.01
419 17 0.88
18 13 0.55
13 18 0.64
18 15 0.86
15 18 0.89
18 21 0.68
21 18 0.26
18 85 0.91
85 18 0.87
18 133 0.65
133 18 0.56
18 193 0.67
193 18 0.51
18 194 0.35
194 18 0.88
19 13 0.82
13 19 0.51
19 16 0.1
16 19 0.51
19 194 0.32
194 19 0.96
20 13 0.95
13 20 0.82
20 15 0.53
15 20 0.81
20 21 0.03
21 20 0.88
20 85 0.44
85 20 0.07
20 193 0.98
193 20 0.65
20 194 0.87
194 20 0.15
20 207 0.84
207 20 0.2
20 383 0.0
383 20 0.12
20 394 0.27
394 20 0.51
20 449 0.56
449 20 0.92
20 467 0.06
467 20 0.52
21 13 0.85
13 21 0.96
21 14 0.58
14 21 0.99
21 18 0.59
18 21 0.0
21 20 0.25
20 21 0.44
21 22 0.78
22 21 0.05
21 85 0.52
85 21 0.68
21 192 0.23
192 21 0.52
21 194 0.2
194 21 0.93
22 13 0.55
13 22 0.94
22 15 0.09
15 22 0.93
22 21 0.22
21 22 0.94
22 84 1.0
84 22 0.58
22 85 0.97
85 22 0.7
22 192 0.8
192 22 0.75
22 193 0.95
193 22 0.61
22 194 0.65
194 22 0.89
22 394 0.75
394 22 0.81
23 13 0.23
13 23 0.11
23 253 0.63
253 23 0.07
24 11 0.3
11 24 0.43
24 25 0.08
25 24 0.16
24 26 0.55
26 24 0.07
24 27 1.0
27 24 0.6
24 28 0.61
28 24 0.19
25 8 0.66
8 25 0.13
25 17 0.7
17 25 0.54
25 24 0.59
24 25 0.15
25 26 0.83
26 25 0.65
25 70 0.29
70 25 0.8
25 172 0.39
172 25 0.52
25 174 0.33
174 25 0.62
25 200 0.09
200 25 0.77
25 205 0.94
205 25 0.99
25 207 0.21
207 25 0.7
25 352 0.71
352 25 0.43
25 422 0.79
422 25 0.06
25 423 0.56
423 25 0.06
25 424 0.11
424 25 0.12
25 425 0.08
425 25 0.16
26 2 0.14
2 26 0.19
26 4 0.4
4 26 0.03
26 8 0.54
8 26 0.55
26 9 0.47
9 26 0.01
26 11 0.27
11 26 0.52
26 24 0.54
24 26 0.32
26 25 0.97
25 26 0.73
26 27 0.75
27 26 0.5
26 43 0.04
43 26 0.36
26 47 0.32
47 26 0.86
26 51 0.03
51 26 0.63
26 52 0.71
52 26 0.32
26 54 0.65
54 26 0.97
26 55 0.5
55 26 0.25
26 58 0.81
58 26 0.76
26 59 0.41
59 26 0.58
26 61 0.28
61 26 0.24
26 63 0.45
63 26 0.13
26 65 0.93
65 26 0.95
26 66 0.19
66 26 0.48
26 72 0.77
72 26 0.51
26 73 0.42
73 26 0.3
26 80 0.76
80 26 0.08
26 82 0.3
82 26 0.16
26 93 0.76
93 26 0.97
26 94 0.87
94 26 0.3
26 96 0.8
96 26 0.75
26 97 0.16
97 26 0.1
26 107 0.81
107 26 0.99
26 172 0.43
172 26 0.2
26 174 0.96
174 26 0.25
26 177 0.83
177 26 0.74
26 178 0.02
178 26 0.91
26 180 0.89
180 26 0.42
26 181 0.84
181 26 0.75
26 183 0.72
183 26 0.97
26 184 0.9
184 26 0.72
26 186 0.36
186 26 0.09
26 234 0.57
234 26 0.54
26 236 0.99
236 26 0.69
26 237 0.53
237 26 0.77
26 239 0.21
239 26 0.91
26 240 0.58
240 26 0.01
26 241 0.44
241 26 0.44
26 244 0.08
244 26 0.4
26 245 0.53
245 26 0.87
26 262 0.38
262 26 0.32
26 274 0.8
274 26 0.78
26 275 0.82
275 26 0.5
26 291 0.76
291 26 0.49
26 298 0.51
298 26 0.62
27 4 0.27
4 27 0.08
27 8 0.48
8 27 0.37
27 9 0.9
9 27 0.84
27 12 0.97
12 27 0.45
27 24 0.82
24 27 0.67
27 26 0.81
26 27 0.92
27 55 0.47
55 27 0.15
27 59 0.22
59 27 0.74
27 61 0.35
61 27 0.94
27 65 0.39
65 27 0.55
27 66 0.5
66 27 0.16
27 90 0.17
90 27 0.58
27 172 0.81
172 27 0.43
27 174 0.35
174 27 0.83
27 180 0.26
180 27 0.02
27 181 0.62
181 27 0.73
27 183 0.33
183 27 0.84
27 236 0.54
236 27 0.96
27 239 0.05
239 27 0.54
27 242 0.51
242 27 0.16
27 291 0.46
291 27 0.63
28 24 0.43
24 28 0.33
29 8 0.96
8 29 0.21
29 30 0.03
30 29 0.78
29 31 0.7
31 29 0.96
29 32 0.61
32 29 0.91
30 29 0.12
29 30 0.74
30 460 0.69
460 30 0.27
31 8 0.44
8 31 0.55
31 29 0.31
29 31 0.29
31 51 0.13
51 31 0.34
31 53 0.65
53 31 0.72
31 61 0.22
61 31 0.48
31 63 0.2
63 31 0.01
31 67 0.6
67 31 0.64
31 71 0.86
71 31 0.5
31 72 0.2
72 31 0.12
31 80 0.78
80 31 0.96
31 82 0.71
82 31 0.31
31 104 0.97
104 31 0.73
31 165 0.13
165 31 0.45
31 175 0.35
175 31 0.06
31 176 0.33
176 31 0.42
31 209 1.0
209 31 0.93
31 276 0.9
276 31 0.05
32 29 0.32
29 32 0.52
32 460 0.82
460 32 0.46
33 34 0.67
34 33 0.51
33 35 0.19
35 33 0.55
33 36 0.54
36 33 0.47
33 37 0.14
37 33 0.94
33 38 0.48
38 33 0.02
34 33 0.94
33 34 0.53
34 35 0.92
35 34 0.16
34 37 0.84
37 34 0.31
34 336 0.98
336 34 0.26
34 337 0.89
337 34 0.53
34 338 0.32
338 34 0.38
34 339 0.65
339 34 0.46
35 33 0.42
33 35 0.82
35 34 0.21
34 35 0.79
35 36 0.29
36 35 0.51
35 37 0.66
37 35 0.92
35 336 0.47
336 35 0.74
35 378 0.76
378 35 0.58
36 33 0.42
33 36 0.94
36 35 0.43
35 36 0.4
36 37 0.64
37 36 0.83
37 33 0.4
33 37 0.06
37 34 0.62
34 37 0.99
37 35 0.35
35 37 0.27
37 36 0.33
36 37 0.54
37 336 0.2
336 37 0.83
37 337 0.81
337 37 0.24
37 338 0.84
338 37 0.5
37 339 0.4
339 37 0.47
37 379 0.85
379 37 0.57
37 389 0.23
389 37 0.87
38 33 0.53
33 38 0.95
38 113 0.96
113 38 0.48
38 116 0.73
116 38 0.5
38 118 0.54
118 38 0.99
38 119 0.88
119 38 1.0
38 121 0.48
121 38 0.0
38 124 0.56
124 38 0.17
38 126 0.17
126 38 0.07
38 127 0.12
127 38 0.21
38 129 0.78
129 38 0.06
38 130 0.92
130 38 0.48
38 131 0.82
131 38 0.63
38 132 0.69
132 38 0.19
38 135 0.53
135 38 0.49
38 137 0.82
137 38 0.84
38 139 0.6
139 38 0.3
38 145 0.69
145 38 0.51
38 146 0.55
146 38 0.79
38 147 0.5
147 38 0.94
38 148 0.84
148 38 0.93
38 149 0.88
149 38 0.7
38 150 0.73
150 38 0.18
38 151 0.34
151 38 0.86
38 152 0.47
152 38 0.24
38 153 0.18
153 38 0.1
38 154 0.12
154 38 0.04
38 155 0.84
155 38 0.23
38 156 0.57
156 38 0.14
38 157 0.55
157 38 0.43
38 158 0.2
158 38 0.56
38 159 0.36
159 38 0.8
38 160 0.72
160 38 0.87
38 189 0.68
189 38 0.93
38 254 0.66
254 38 0.45
38 255 0.48
255 38 0.71
38 277 0.97
277 38 0.05
38 278 0.95
278 38 0.71
38 288 0.93
288 38 0.9
38 314 0.99
314 38 0.94
38 317 0.55
317 38 0.24
38 318 0.46
318 38 0.39
38 319 0.19
319 38 0.05
38 337 0.59
337 38 0.57
38 343 0.54
343 38 0.31
38 344 0.45
344 38 0.48
38 373 0.93
373 38 0.57
38 397 0.09
397 38 0.57
38 405 0.6
405 38 0.6
38 406 0.53
406 38 0.53
38 407 0.86
407 38 0.24
38 437 0.94
437 38 0.68
38 462 0.87
462 38 0.81
38 463 0.79
463 38 0.16
38 464 0.25
464 38 0.26
38 465 0.83
465 38 0.78
38 488 0.26
488 38 0.82
38 489 0.92
489 38 0.59
38 492 0.84
492 38 0.82
38 496 0.6
496 38 0.75
39 8 0.09
8 39 0.02
39 40 0.85
40 39 0.2
39 41 0.71
41 39 0.45
39 42 0.13
42 39 0.13
39 43 0.69
43 39 0.32
39 44 0.05
44 39 0.06
39 45 0.25
45 39 0.23
40 39 0.19
39 40 0.83
40 67 0.39
67 40 0.53
40 115 0.19
115 40 0.04
40 276 0.07
276 40 1.0
41 39 0.08
39 41 0.15
41 42 0.6
42 41 0.01
41 45 0.01
45 41 0.05
41 322 0.27
322 41 0.24
42 39 0.31
39 42 0.17
42 41 0.16
41 42 0.83
42 44 0.53
44 42 0.51
42 45 0.8
45 42 0.11
43 2 0.44
2 43 0.92
43 8 0.21
8 43 0.95
43 9 0.84
9 43 0.57
43 26 0.22
26 43 0.79
43 39 0.27
39 43 0.9
43 55 0.35
55 43 0.65
43 59 0.41
59 43 0.92
43 61 0.17
61 43 0.27
43 66 0.76
66 43 0.95
43 78 0.51
78 43 0.68
43 170 0.7
170 43 0.8
43 172 0.15
172 43 0.37
43 174 0.8
174 43 0.4
43 179 0.76
179 43 0.7
43 180 0.24
180 43 0.89
43 181 0.24
181 43 0.62
43 182 0.07
182 43 0.81
43 183 0.5
183 43 0.23
43 184 0.1
184 43 0.97
43 185 0.34
185 43 0.69
43 186 0.41
186 43 0.8
43 187 0.51
187 43 0.07
44 39 0.51
39 44 0.06
44 42 0.36
42 44 0.95
44 322 0.45
322 44 0.27
45 39 0.3
39 45 0.87
45 41 0.9
41 45 0.01
45 42 0.33
42 45 0.09
45 322 0.06
322 45 0.7
46 47 0.59
47 46 0.5
46 48 0.44
48 46 0.21
46 49 0.81
49 46 0.64
46 50 0.99
50 46 0.9
47 2 0.25
2 47 0.83
47 17 0.36
17 47 0.78
47 26 0.63
26 47 0.62
47 46 0.47
46 47 0.5
47 51 0.51
51 47 0.63
47 52 0.49
52 47 0.13
47 53 0.94
53 47 0.51
47 63 0.78
63 47 0.92
47 70 0.33
70 47 0.59
47 72 0.77
72 47 0.92
47 80 0.34
80 47 0.34
47 82 0.36
82 47 0.69
47 97 0.47
97 47 0.88
47 108 0.78
108 47 0.04
47 125 0.91
125 47 0.34
47 181 0.38
181 47 0.22
47 234 0.97
234 47 0.39
47 236 0.71
236 47 0.75
47 241 0.61
241 47 0.14
47 244 0.66
244 47 0.13
47 259 0.06
259 47 0.61
47 292 0.13
292 47 0.49
48 46 0.02
46 48 0.2
48 50 0.98
50 48 0.85
49 46 0.42
46 49 0.91
49 308 0.41
308 49 0.45
49 309 0.24
309 49 0.16
49 310 0.59
310 49 0.64
49 311 0.58
311 49 0.73
49 312 0.92
312 49 0.12
50 46 0.2
46 50 0.67
50 48 0.27
48 50 0.72
50 387 0.17
387 50 0.21
50 469 0.33
469 50 0.38
51 8 0.22
8 51 0.93
51 9 0.27
9 51 0.98
51 26 0.15
26 51 0.31
51 31 0.3
31 51 0.9
51 47 0.16
47 51 0.65
51 52 0.89
52 51 0.78
51 53 0.82
53 51 0.31
51 54 0.51
54 51 0.51
51 55 0.91
55 51 0.54
51 56 0.49
56 51 0.68
51 57 0.85
57 51 0.69
51 58 0.24
58 51 0.85
51 59 0.75
59 51 0.67
51 60 0.86
60 51 1.0
51 61 0.88
61 51 0.52
51 62 0.92
62 51 0.75
51 63 0.2
63 51 0.81
51 64 1.0
64 51 0.57
51 65 0.13
65 51 0.37
51 66 0.38
66 51 0.78
51 67 0.75
67 51 0.63
51 68 0.05
68 51 0.63
51 69 0.85
69 51 0.93
51 70 0.7
70 51 0.28
51 71 0.37
71 51 0.0
51 72 0.54
72 51 0.88
51 73 0.31
73 51 0.98
51 74 0.32
74 51 0.68
52 4 0.5
4 52 0.17
52 8 0.01
8 52 0.68
52 9 0.61
9 52 0.06
52 11 0.5
11 52 0.16
52 17 0.26
17 52 0.98
52 26 0.63
26 52 0.79
52 47 0.5
47 52 0.92
52 51 0.46
51 52 0.13
52 53 0.04
53 52 0.18
52 55 0.63
55 52 0.94
52 58 0.14
58 52 0.64
52 60 0.68
60 52 0.1
52 61 0.52
61 52 0.09
52 63 0.76
63 52 0.2
52 65 0.79
65 52 0.16
52 69 0.07
69 52 0.25
52 72 0.26
72 52 0.35
52 80 0.1
80 52 0.59
52 82 0.35
82 52 0.74
52 93 0.13
93 52 0.71
52 108 1.0
108 52 0.92
52 186 0.12
186 52 0.54
52 209 0.3
209 52 0.04
52 211 0.02
211 52 0.33
52 240 0.84
240 52 0.5
52 241 0.92
241 52 0.49
52 244 0.2
244 52 0.72
52 246 0.67
246 52 0.88
52 262 0.24
262 52 0.71
52 290 0.02
290 52 0.44
52 351 0.92
351 52 0.16
52 352 0.77
352 52 0.4
53 8 0.22
8 53 0.19
53 9 0.08
9 53 0.73
53 31 0.26
31 53 0.75
53 47 0.64
47 53 0.07
53 51 0.21
51 53 0.96
53 52 0.95
52 53 0.49
53 55 0.31
55 53 0.99
53 56 0.36
56 53 0.56
53 57 0.73
57 53 0.33
53 58 0.78
58 53 0.63
53 59 0.18
59 53 0.14
53 61 0.02
61 53 0.7
53 63 0.46
63 53 0.17
53 64 0.03
64 53 0.52
53 67 0.18
67 53 0.94
53 68 0.33
68 53 0.46
53 70 0.37
70 53 0.02
53 71 0.49
71 53 0.75
53 72 0.95
72 53 0.57
53 73 0.96
73 53 0.09
53 80 0.87
80 53 0.48
53 107 0.17
107 53 0.54
53 170 0.45
170 53 0.47
53 176 0.17
176 53 0.04
53 178 0.19
178 53 0.3
53 209 0.55
209 53 0.04
53 235 0.29
235 53 0.99
53 239 0.23
239 53 0.58
53 244 0.25
244 53 0.22
53 245 0.66
245 53 0.72
53 259 0.29
259 53 0.95
53 275 0.38
275 53 0.75
53 290 0.99
290 53 0.99
53 364 0.26
364 53 0.96
53 385 0.14
385 53 0.54
53 386 0.79
386 53 0.01
53 461 0.99
461 53 0.86
54 26 0.48
26 54 0.19
54 51 0.53
51 54 0.76
54 274 0.06
274 54 0.96
55 11 0.6
11 55 0.34
55 26 0.96
26 55 0.91
55 27 0.1
27 55 0.72
55 43 0.03
43 55 0.67
55 51 0.51
51 55 0.06
55 52 0.64
52 55 0.24
55 53 0.42
53 55 0.35
55 63 0.91
63 55 0.78
55 64 0.77
64 55 0.74
55 65 0.4
65 55 0.84
55 66 0.05
66 55 0.17
55 72 0.24
72 55 0.98
55 73 0.83
73 55 0.74
55 82 0.2
82 55 0.96
55 96 0.51
96 55 0.13
55 104 0.85
104 55 0.2
55 107 0.62
107 55 0.14
55 108 0.1
108 55 0.06
55 174 0.46
174 55 0.56
55 181 0.01
181 55 0.81
55 183 0.32
183 55 0.28
55 223 0.87
223 55 0.24
55 233 0.27
233 55 0.41
55 240 0.59
240 55 0.56
55 263 0.23
263 55 0.66
55 353 0.67
353 55 0.68
56 51 0.99
51 56 0.1
56 53 0.14
53 56 0.21
56 63 0.02
63 56 0.69
56 72 0.53
72 56 0.32
56 80 0.08
80 56 0.5
57 51 0.89
51 57 0.88
57 53 0.6
53 57 0.69
57 63 0.03
63 57 0.37
57 72 0.02
72 57 0.08
57 80 0.36
80 57 0.38
57 82 0.81
82 57 0.21
57 108 0.02
108 57 0.01
57 165 0.89
165 57 0.05
57 181 0.48
181 57 0.25
57 234 0.61
234 57 0.29
57 236 0.03
236 57 0.63
57 257 0.35
257 57 0.3
57 259 0.68
259 57 0.87
57 290 0.75
290 57 0.73
58 26 0.25
26 58 0.95
58 51 0.54
51 58 0.66
58 52 0.31
52 58 0.48
58 53 0.23
53 58 0.29
58 63 0.3
63 58 0.66
58 64 0.3
64 58 0.71
58 69 0.7
69 58 0.3
58 72 0.63
72 58 0.19
58 80 0.11
80 58 0.69
58 82 0.27
82 58 0.01
58 94 0.76
94 58 0.48
58 96 0.59
96 58 0.75
58 108 0.14
108 58 0.25
58 211 0.43
211 58 0.89
58 214 0.31
214 58 0.28
58 241 0.82
241 58 0.94
58 259 0.72
259 58 0.42
58 262 0.17
262 58 0.44
58 292 0.09
292 58 0.42
58 294 0.57
294 58 0.98
58 429 0.59
429 58 0.08
59 8 0.94
8 59 0.26
59 11 0.82
11 59 0.71
59 26 0.84
26 59 0.39
59 27 0.01
27 59 0.36
59 43 0.0
43 59 0.6
59 51 0.33
51 59 0.61
59 53 0.38
53 59 0.75
59 63 0.09
63 59 0.87
59 64 0.45
64 59 0.44
59 65 0.33
65 59 0.24
59 66 0.36
66 59 0.52
59 72 0.6
72 59 0.2
59 73 0.27
73 59 0.12
59 82 0.35
82 59 0.9
59 96 0.71
96 59 0.44
59 104 0.53
104 59 0.45
59 107 0.45
107 59 0.93
59 108 0.19
108 59 0.56
59 174 0.41
174 59 0.78
59 181 0.15
181 59 1.0
59 183 0.91
183 59 0.17
59 223 0.47
223 59 0.66
59 233 0.53
233 59 0.12
59 240 0.7
240 59 0.65
59 263 0.33
263 59 0.83
59 353 0.18
353 59 0.29
60 4 0.87
4 60 0.66
60 8 0.42
8 60 0.08
60 9 0.01
9 60 0.67
60 51 0.86
51 60 0.86
60 52 0.62
52 60 0.2
60 61 0.52
61 60 0.09
60 63 0.31
63 60 0.53
60 65 0.99
65 60 0.76
60 82 0.11
82 60 0.57
60 104 0.57
104 60 0.73
60 165 0.59
165 60 0.47
60 178 0.98
178 60 0.25
60 180 0.68
180 60 0.41
60 236 0.67
236 60 0.18
60 241 0.19
241 60 0.85
60 244 0.95
244 60 0.07
60 245 0.66
245 60 0.42
60 351 0.36
351 60 0.87
60 352 0.9
352 60 0.6
60 470 0.35
470 60 0.81
61 2 0.92
2 61 0.17
61 11 0.35
11 61 0.05
61 26 0.28
26 61 0.03
61 27 0.33
27 61 0.04
61 31 0.98
31 61 0.04
61 43 0.69
43 61 0.58
61 51 0.97
51 61 0.36
61 52 0.12
52 61 0.09
61 53 0.93
53 61 0.28
61 60 0.33
60 61 0.63
61 63 0.78
63 61 0.68
61 64 0.2
64 61 0.93
61 66 0.2
66 61 0.43
61 67 0.73
67 61 0.61
61 71 0.89
71 61 0.44
61 72 0.18
72 61 0.0
61 73 0.51
73 61 0.04
61 80 0.01
80 61 0.82
61 82 0.28
82 61 0.37
61 84 0.41
84 61 0.48
61 93 0.17
93 61 0.95
61 104 0.31
104 61 0.79
61 108 0.17
108 61 0.06
61 109 0.75
109 61 0.02
61 140 0.51
140 61 0.62
61 144 0.69
144 61 0.37
61 165 0.08
165 61 0.94
61 174 0.98
174 61 0.15
61 175 0.55
175 61 0.22
61 176 0.3
176 61 0.13
61 181 0.01
181 61 0.1
61 183 0.3
183 61 0.13
61 209 0.81
209 61 0.31
61 234 0.0
234 61 0.85
61 236 0.37
236 61 0.38
61 240 0.44
240 61 0.01
61 241 0.58
241 61 0.3
61 244 0.32
244 61 0.34
61 257 0.18
257 61 0.09
61 276 0.49
276 61 0.08
61 295 0.56
295 61 0.73
61 296 0.88
296 61 0.8
61 297 0.41
297 61 0.86
62 8 0.67
8 62 0.94
62 51 0.34
51 62 0.23
62 63 0.09
63 62 0.78
62 66 0.28
66 62 0.19
62 72 0.49
72 62 0.56
62 80 0.48
80 62 0.01
62 81 0.99
81 62 0.72
62 82 0.44
82 62 0.31
62 83 0.34
83 62 0.62
62 84 0.95
84 62 0.82
63 4 0.75
4 63 0.03
63 8 0.67
8 63 0.89
63 9 0.56
9 63 0.15
63 26 0.96
26 63 0.45
63 31 1.0
31 63 0.79
63 47 0.42
47 63 0.88
63 51 0.68
51 63 0.41
63 52 0.21
52 63 0.31
63 53 0.8
53 63 0.92
63 55 0.44
55 63 0.85
63 56 0.16
56 63 0.1
63 57 0.34
57 63 0.08
63 58 0.87
58 63 0.19
63 59 0.83
59 63 0.93
63 60 0.01
60 63 0.19
63 61 0.48
61 63 0.24
63 62 0.15
62 63 0.97
63 64 0.28
64 63 0.29
63 65 0.8
65 63 0.9
63 66 0.33
66 63 0.39
63 67 0.27
67 63 0.15
63 68 0.08
68 63 0.2
63 69 0.94
69 63 0.8
63 70 0.22
70 63 0.79
63 71 0.65
71 63 0.96
63 72 0.12
72 63 0.02
63 73 0.67
73 63 0.92
63 74 0.48
74 63 0.04
63 80 0.88
80 63 0.41
63 82 0.37
82 63 0.68
63 83 0.63
83 63 0.9
63 89 0.54
89 63 0.66
63 94 0.62
94 63 0.75
63 108 0.87
108 63 0.29
63 164 0.59
164 63 0.55
63 172 0.56
172 63 0.05
63 174 0.37
174 63 0.16
63 178 0.57
178 63 0.57
63 183 0.51
183 63 0.51
63 186 0.95
186 63 0.89
63 208 0.67
208 63 0.53
63 223 0.31
223 63 0.45
63 235 0.13
235 63 0.54
63 239 0.77
239 63 0.36
63 245 0.44
245 63 0.9
63 257 0.49
257 63 0.97
63 259 0.31
259 63 0.24
63 260 0.47
260 63 0.23
63 261 0.48
261 63 0.88
63 273 0.58
273 63 0.73
63 274 0.19
274 63 0.27
63 275 0.62
275 63 0.35
63 362 0.16
362 63 0.82
63 385 0.77
385 63 0.91
63 386 0.59
386 63 0.07
64 8 0.48
8 64 0.46
64 9 0.1
9 64 0.32
64 17 0.6
17 64 0.58
64 51 0.35
51 64 0.04
64 53 0.04
53 64 0.59
64 55 0.49
55 64 0.67
64 58 0.12
58 64 0.32
64 59 0.95
59 64 0.49
64 61 0.28
61 64 0.7
64 63 0.63
63 64 0.01
64 72 0.07
72 64 0.76
64 74 0.83
74 64 0.01
64 80 0.05
80 64 0.26
64 82 0.85
82 64 0.45
64 91 0.71
91 64 0.49
64 97 0.01
97 64 0.78
64 108 0.29
108 64 0.63
64 134 0.51
134 64 0.01
64 164 0.88
164 64 0.11
64 168 0.25
168 64 0.37
64 236 0.82
236 64 0.16
64 258 0.99
258 64 0.63
64 268 0.75
268 64 0.36
64 459 0.6
459 64 0.6
64 475 0.08
475 64 0.16
65 8 0.04
8 65 0.1
65 11 0.42
11 65 0.68
65 26 0.43
26 65 0.16
65 27 0.65
27 65 0.08
65 51 0.99
51 65 0.09
65 52 0.75
52 65 0.14
65 55 0.46
55 65 0.71
65 59 0.69
59 65 0.67
65 60 0.41
60 65 0.77
65 63 0.74
63 65 0.43
65 66 0.73
66 65 0.35
65 72 0.27
72 65 0.53
65 80 0.43
80 65 0.53
65 82 0.58
82 65 0.93
65 83 0.64
83 65 0.54
65 174 0.08
174 65 0.89
65 180 0.77
180 65 0.06
65 181 0.25
181 65 0.23
65 186 0.83
186 65 0.54
65 240 0.49
240 65 0.84
65 260 0.85
260 65 0.16
65 261 0.81
261 65 0.21
65 290 0.69
290 65 0.29
65 295 0.26
295 65 0.59
65 324 0.28
324 65 0.21
65 422 0.19
422 65 0.23
65 426 0.97
426 65 0.26
65 427 0.92
427 65 0.82
65 428 0.03
428 65 0.73
65 429 0.95
429 65 0.25
65 430 0.15
430 65 0.95
66 4 0.96
4 66 0.44
66 8 0.92
8 66 0.46
66 9 0.1
9 66 0.47
66 11 0.43
11 66 0.85
66 12 0.73
12 66 0.82
66 26 0.31
26 66 0.94
66 27 0.17
27 66 0.63
66 43 0.05
43 66 0.11
66 51 0.67
51 66 0.4
66 55 0.92
55 66 0.08
66 59 0.49
59 66 0.59
66 61 0.63
61 66 0.66
66 62 0.87
62 66 0.12
66 63 0.34
63 66 0.89
66 65 0.45
65 66 0.73
66 71 0.65
71 66 0.93
66 72 0.96
72 66 0.42
66 73 0.89
73 66 0.96
66 80 0.38
80 66 0.65
66 82 0.34
82 66 0.03
66 96 0.04
96 66 0.18
66 104 0.47
104 66 0.22
66 169 0.9
169 66 0.13
66 172 1.0
172 66 0.69
66 174 0.04
174 66 0.22
66 179 0.6
179 66 0.97
66 180 0.35
180 66 0.19
66 181 0.69
181 66 0.27
66 182 0.77
182 66 0.94
66 183 0.24
183 66 0.75
66 184 0.59
184 66 0.87
66 186 0.29
186 66 0.2
66 205 0.69
205 66 0.3
66 207 0.55
207 66 0.0
66 235 0.17
235 66 0.09
66 236 0.42
236 66 0.13
66 237 0.8
237 66 0.88
66 238 0.16
238 66 0.04
66 239 0.89
239 66 0.65
66 240 0.6
240 66 0.54
66 241 0.09
241 66 0.19
66 242 0.33
242 66 0.6
66 243 0.12
243 66 0.45
66 244 0.31
244 66 0.51
66 245 0.12
245 66 0.05
66 246 0.68
246 66 0.95
66 247 0.19
247 66 0.64
67 8 0.89
8 67 0.11
67 31 0.35
31 67 0.7
67 40 0.85
40 67 0.88
67 51 0.48
51 67 0.94
67 53 0.18
53 67 0.78
67 61 0.53
61 67 0.41
67 63 0.52
63 67 0.42
67 72 0.32
72 67 0.15
67 80 0.91
80 67 0.11
67 82 0.5
82 67 0.42
67 104 0.17
104 67 0.42
67 108 0.64
108 67 0.55
67 176 0.57
176 67 0.44
67 276 0.15
276 67 0.73
68 51 0.77
51 68 0.29
68 53 0.49
53 68 0.72
68 63 0.46
63 68 0.94
68 72 0.3
72 68 0.67
68 80 0.24
80 68 0.42
69 8 0.54
8 69 0.02
69 51 0.86
51 69 0.37
69 52 0.33
52 69 0.02
69 58 0.89
58 69 0.2
69 63 0.67
63 69 0.65
69 72 0.3
72 69 0.04
69 74 0.02
74 69 0.9
69 80 0.77
80 69 0.42
69 82 0.24
82 69 0.66
69 179 0.58
179 69 0.94
69 258 0.15
258 69 0.37
69 268 0.55
268 69 0.75
70 2 0.87
2 70 0.53
70 11 0.91
11 70 0.87
70 25 0.03
25 70 0.6
70 47 0.24
47 70 0.48
70 51 0.73
51 70 0.78
70 53 0.89
53 70 0.25
70 63 0.43
63 70 0.66
70 72 0.16
72 70 0.0
70 104 0.68
104 70 0.93
70 105 0.14
105 70 0.71
70 106 0.48
106 70 0.38
70 107 0.7
107 70 0.92
70 108 0.71
108 70 0.4
70 109 0.58
109 70 0.08
71 8 0.37
8 71 0.84
71 31 0.45
31 71 0.89
71 51 0.25
51 71 0.82
71 53 0.09
53 71 0.21
71 61 0.14
61 71 0.5
71 63 0.9
63 71 0.62
71 66 0.44
66 71 0.94
71 72 0.77
72 71 0.58
71 80 0.57
80 71 0.75
71 82 0.95
82 71 0.2
71 104 0.06
104 71 0.01
71 108 0.04
108 71 0.36
71 125 0.85
125 71 0.04
71 176 0.11
176 71 0.74
71 209 0.51
209 71 0.66
71 262 0.96
262 71 0.95
72 4 0.52
4 72 0.51
72 8 0.47
8 72 0.84
72 9 0.51
9 72 0.06
72 17 0.12
17 72 0.14
72 26 0.82
26 72 0.42
72 31 0.58
31 72 0.91
72 47 0.93
47 72 0.7
72 51 0.72
51 72 0.3
72 52 0.42
52 72 0.62
72 53 0.61
53 72 0.87
72 55 0.64
55 72 0.36
72 56 0.72
56 72 0.54
72 57 0.06
57 72 0.87
72 58 0.52
58 72 0.74
72 59 0.61
59 72 0.53
72 61 0.79
61 72 0.79
72 62 0.68
62 72 0.94
72 63 0.1
63 72 0.94
72 64 0.58
64 72 0.24
72 65 0.06
65 72 0.24
72 66 0.05
66 72 0.25
72 67 0.85
67 72 0.76
72 68 0.32
68 72 0.73
72 69 0.31
69 72 0.81
72 70 0.57
70 72 0.39
72 71 1.0
71 72 0.95
72 73 0.44
73 72 0.99
72 74 0.33
74 72 0.32
72 80 0.59
80 72 0.02
72 82 0.99
82 72 0.88
72 83 0.45
83 72 0.94
72 141 1.0
141 72 0.78
72 164 0.4
164 72 0.11
72 176 0.25
176 72 0.77
72 180 0.98
180 72 0.29
72 182 0.89
182 72 0.93
72 186 0.33
186 72 0.01
72 204 0.5
204 72 0.41
72 205 0.49
205 72 0.86
72 207 0.23
207 72 0.86
72 211 0.44
211 72 0.5
72 214 0.31
214 72 0.45
72 223 0.2
223 72 0.55
72 235 0.98
235 72 0.93
72 257 0.82
257 72 0.03
72 258 0.11
258 72 0.09
72 259 0.68
259 72 0.85
72 260 0.78
260 72 0.01
72 261 0.29
261 72 0.94
72 262 0.12
262 72 0.03
72 263 0.26
263 72 0.96
72 264 0.02
264 72 0.83
72 265 0.8
265 72 0.25
72 266 0.06
266 72 0.08
72 267 0.88
267 72 0.27
72 268 0.99
268 72 0.36
73 8 0.89
8 73 0.07
73 26 0.55
26 73 0.91
73 51 0.93
51 73 0.57
73 53 0.17
53 73 0.13
73 55 0.34
55 73 0.41
73 59 0.9
59 73 0.82
73 61 0.7
61 73 0.96
73 63 0.89
63 73 0.95
73 66 0.09
66 73 0.43
73 72 0.07
72 73 0.74
73 275 0.24
275 73 0.44
74 17 0.57
17 74 0.78
74 51 0.37
51 74 0.35
74 63 0.42
63 74 0.29
74 64 0.41
64 74 0.57
74 69 0.35
69 74 0.99
74 72 0.52
72 74 0.28
74 80 0.25
80 74 0.74
74 82 0.89
82 74 0.4
74 97 0.23
97 74 0.56
74 161 0.09
161 74 0.43
74 204 0.37
204 74 0.25
74 248 0.99
248 74 0.96
74 256 0.75
256 74 0.23
74 259 0.65
259 74 0.96
74 264 0.11
264 74 0.89
74 267 0.97
267 74 0.63
74 269 0.27
269 74 0.31
74 270 0.74
270 74 0.4
74 282 0.99
282 74 0.55
74 283 0.72
283 74 0.57
74 292 0.37
292 74 0.05
74 293 0.69
293 74 0.87
74 294 0.71
294 74 0.5
74 315 0.18
315 74 0.8
74 325 0.29
325 74 0.58
74 367 0.43
367 74 0.89
74 376 0.37
376 74 0.1
74 380 0.72
380 74 0.26
74 420 0.27
420 74 0.68
74 453 0.1
453 74 0.99
74 454 0.34
454 74 0.2
74 476 0.77
476 74 0.68
74 493 0.02
493 74 0.38
75 76 0.39
76 75 0.53
75 77 0.99
77 75 0.58
76 75 0.68
75 76 0.87
76 78 0.37
78 76 0.47
76 396 0.61
396 76 0.52
76 481 0.42
481 76 0.43
77 75 0.05
75 77 0.13
77 111 0.5
111 77 0.47
77 164 0.79
164 77 0.73
77 168 0.77
168 77 0.61
77 169 0.09
169 77 0.53
77 171 0.35
171 77 0.51
77 391 0.17
391 77 0.62
78 43 0.71
43 78 0.16
78 76 1.0
76 78 0.46
78 310 0.69
310 78 0.45
78 311 0.16
311 78 0.51
78 432 0.87
432 78 0.12
79 17 0.7
17 79 0.53
80 8 0.16
8 80 0.6
80 9 0.12
9 80 0.45
80 26 0.54
26 80 0.39
80 31 0.87
31 80 0.91
80 47 0.62
47 80 0.24
80 52 0.09
52 80 0.35
80 53 0.65
53 80 0.62
80 56 0.23
56 80 0.89
80 57 0.34
57 80 0.73
80 58 0.1
58 80 0.7
80 61 0.01
61 80 0.73
80 62 0.33
62 80 0.99
80 63 0.24
63 80 0.65
80 64 0.96
64 80 0.87
80 65 0.83
65 80 0.13
80 66 0.68
66 80 0.03
80 67 0.98
67 80 0.15
80 68 0.9
68 80 0.11
80 69 0.79
69 80 0.22
80 71 0.33
71 80 0.66
80 72 0.12
72 80 0.48
80 74 0.95
74 80 0.79
80 82 0.78
82 80 0.25
80 91 0.85
91 80 0.29
80 134 0.82
134 80 0.26
80 161 0.8
161 80 0.62
80 164 0.36
164 80 0.04
80 169 0.54
169 80 0.61
80 170 0.35
170 80 0.97
80 171 0.64
171 80 0.02
80 179 0.83
179 80 0.36
80 183 0.98
183 80 0.38
80 184 0.85
184 80 0.19
80 205 0.36
205 80 0.06
80 207 0.6
207 80 0.76
80 223 0.82
223 80 0.68
80 234 0.5
234 80 0.32
80 235 0.44
235 80 0.05
80 236 0.01
236 80 0.03
80 245 0.42
245 80 0.29
80 247 0.14
247 80 0.03
80 259 0.28
259 80 0.23
80 271 0.73
271 80 0.22
80 272 0.09
272 80 1.0
80 273 0.94
273 80 0.13
80 274 0.31
274 80 0.84
80 275 0.31
275 80 0.68
81 8 0.55
8 81 0.82
81 62 0.95
62 81 0.25
81 84 0.6
84 81 0.35
81 180 0.46
180 81 0.83
82 8 0.61
8 82 0.04
82 9 0.38
9 82 0.55
82 26 0.23
26 82 0.1
82 31 0.65
31 82 0.28
82 47 0.61
47 82 0.12
82 52 0.35
52 82 0.25
82 55 0.57
55 82 0.4
82 57 0.08
57 82 0.32
82 58 0.13
58 82 0.46
82 59 0.8
59 82 0.87
82 60 0.11
60 82 0.31
82 61 0.17
61 82 0.48
82 62 0.33
62 82 0.91
82 63 0.61
63 82 0.15
82 64 0.31
64 82 0.77
82 65 0.16
65 82 0.78
82 66 0.96
66 82 0.85
82 67 0.47
67 82 0.61
82 69 0.66
69 82 0.68
82 71 0.17
71 82 0.49
82 72 0.38
72 82 0.45
82 74 0.38
74 82 0.87
82 80 0.6
80 82 0.31
82 83 0.81
83 82 0.71
82 91 0.6
91 82 0.93
82 134 0.17
134 82 0.88
82 182 0.35
182 82 0.97
82 186 0.19
186 82 0.8
82 204 0.1
204 82 0.71
82 235 0.59
235 82 0.44
82 263 0.36
263 82 0.78
82 264 0.4
264 82 0.57
82 265 0.93
265 82 0.79
82 267 0.3
267 82 0.64
82 495 0.23
495 82 0.26
83 8 0.8
8 83 0.24
83 62 0.57
62 83 0.39
83 63 0.98
63 83 0.35
83 65 0.87
65 83 0.94
83 72 0.53
72 83 0.01
83 82 0.16
82 83 0.5
83 204 0.24
204 83 0.48
83 205 0.51
205 83 0.42
83 206 0.79
206 83 0.65
83 207 0.41
207 83 0.54
83 208 0.86
208 83 0.63
83 209 0.34
209 83 0.07
84 8 0.84
8 84 0.76
84 9 0.84
9 84 0.58
84 22 0.11
22 84 0.22
84 61 0.56
61 84 0.04
84 62 0.96
62 84 0.91
84 81 0.22
81 84 0.43
84 142 0.79
142 84 0.42
84 143 0.89
143 84 0.69
84 180 0.72
180 84 0.66
84 186 0.89
186 84 0.11
84 237 0.47
237 84 0.77
84 239 0.63
239 84 0.94
84 242 0.8
242 84 0.18
84 359 0.29
359 84 0.43
84 456 0.63
456 84 0.95
85 14 0.58
14 85 0.75
85 18 0.2
18 85 0.65
85 20 0.35
20 85 0.21
85 21 0.34
21 85 0.9
85 22 0.98
22 85 0.53
86 8 0.38
8 86 0.91
87 8 0.39
8 87 0.94
87 88 0.88
88 87 0.63
87 89 0.54
89 87 0.57
87 90 0.28
90 87 0.7
87 91 0.35
91 87 0.05
88 87 0.62
87 88 0.44
88 260 0.84
260 88 0.78
88 280 0.89
280 88 0.14
88 381 0.9
381 88 0.91
88 482 0.67
482 88 0.11
89 63 0.43
63 89 0.44
89 87 0.31
87 89 0.96
89 90 0.32
90 89 0.81
89 140 0.36
140 89 0.13
89 144 0.33
144 89 1.0
89 196 0.1
196 89 0.12
89 365 0.08
365 89 0.83
89 366 0.02
366 89 0.42
90 8 0.61
8 90 0.37
90 11 0.37
11 90 0.58
90 27 0.98
27 90 0.85
90 87 0.21
87 90 0.99
90 89 0.01
89 90 0.54
90 196 0.34
196 90 0.3
90 291 0.89
291 90 0.02
90 316 0.78
316 90 0.29
90 331 0.87
331 90 0.15
90 334 0.73
334 90 0.47
90 355 0.23
355 90 0.56
90 356 0.52
356 90 0.81
90 366 0.03
366 90 0.36
91 8 0.05
8 91 0.3
91 64 0.34
64 91 0.12
91 80 0.46
80 91 0.54
91 82 0.37
82 91 0.59
91 87 0.86
87 91 0.04
91 134 0.46
134 91 0.14
91 366 0.91
366 91 0.66
91 441 0.66
441 91 0.56
92 93 0.32
93 92 0.05
92 94 0.95
94 92 0.84
92 95 0.28
95 92 0.85
92 96 0.34
96 92 0.87
92 97 0.29
97 92 0.67
92 98 0.37
98 92 0.96
93 8 0.53
8 93 0.88
93 9 0.17
9 93 0.18
93 26 0.54
26 93 0.58
93 52 0.43
52 93 0.08
93 61 0.75
61 93 0.54
93 92 0.73
92 93 0.19
93 245 0.14
245 93 0.96
93 262 0.87
262 93 0.6
93 361 0.79
361 93 0.64
94 4 0.3
4 94 0.2
94 26 0.82
26 94 0.87
94 58 0.89
58 94 0.59
94 63 0.17
63 94 0.32
94 92 0.81
92 94 0.05
94 186 0.09
186 94 0.51
94 239 0.2
239 94 0.82
94 245 0.79
245 94 0.64
95 92 0.2
92 95 0.8
96 4 0.85
4 96 0.13
96 8 0.61
8 96 0.68
96 9 0.52
9 96 0.51
96 26 0.05
26 96 0.2
96 55 0.82
55 96 0.35
96 58 0.13
58 96 0.53
96 59 0.92
59 96 0.62
96 66 0.06
66 96 0.6
96 92 0.89
92 96 0.63
96 133 0.98
133 96 0.44
96 186 0.37
186 96 0.21
96 245 0.31
245 96 0.26
96 263 0.74
263 96 1.0
97 8 0.48
8 97 0.51
97 9 0.29
9 97 0.31
97 26 0.79
26 97 0.49
97 47 0.74
47 97 0.86
97 64 0.43
64 97 0.11
97 74 0.08
74 97 0.48
97 92 0.29
92 97 0.45
97 235 0.08
235 97 0.92
97 259 0.36
259 97 0.36
98 92 0.88
92 98 0.03
98 179 0.74
179 98 0.42
99 100 0.97
100 99 0.72
99 101 0.16
101 99 0.26
99 102 0.88
102 99 0.52
99 103 0.1
103 99 0.14
100 99 0.94
99 100 0.47
100 101 0.11
101 100 0.29
100 103 0.36
103 100 0.77
101 99 0.43
99 101 0.3
101 100 0.16
100 101 0.35
101 102 0.22
102 101 0.13
101 103 0.24
103 101 0.46
101 240 0.11
240 101 0.68
101 395 0.4
395 101 0.59
102 99 0.48
99 102 0.12
102 101 0.72
101 102 0.92
102 204 0.85
204 102 0.3
102 267 0.6
267 102 0.51
102 282 0.52
282 102 0.52
102 283 0.89
283 102 0.78
103 99 0.18
99 103 0.49
103 100 0.64
100 103 0.46
103 101 0.68
101 103 0.8
104 8 0.24
8 104 0.6
104 31 0.15
31 104 0.25
104 55 0.05
55 104 0.99
104 59 0.0
59 104 0.68
104 60 0.22
60 104 0.84
104 61 0.74
61 104 0.56
104 66 0.62
66 104 0.44
104 67 0.2
67 104 0.16
104 70 0.77
70 104 0.35
104 71 0.42
71 104 0.08
104 176 0.06
176 104 0.33
104 177 0.19
177 104 0.02
104 178 0.96
178 104 0.23
104 290 0.99
290 104 0.64
104 351 0.62
351 104 0.79
104 352 0.26
352 104 0.7
105 8 0.43
8 105 0.66
105 70 0.96
70 105 0.09
105 107 0.5
107 105 0.71
105 172 0.08
172 105 0.65
105 174 0.28
174 105 0.55
105 245 0.47
245 105 0.05
106 8 0.41
8 106 0.27
106 70 0.52
70 106 0.21
107 4 0.69
4 107 0.84
107 26 0.67
26 107 0.75
107 53 0.79
53 107 0.06
107 55 0.81
55 107 0.74
107 59 0.03
59 107 0.25
107 70 0.23
70 107 0.26
107 105 0.41
105 107 0.2
107 353 0.03
353 107 0.45
107 373 0.93
373 107 0.13
107 374 0.58
374 107 0.19
108 8 0.92
8 108 0.69
108 9 0.42
9 108 0.73
108 47 0.71
47 108 0.29
108 52 0.61
52 108 0.08
108 55 0.18
55 108 0.25
108 57 0.67
57 108 0.65
108 58 0.71
58 108 0.86
108 59 0.93
59 108 0.16
108 61 0.24
61 108 0.03
108 63 0.37
63 108 0.96
108 64 0.64
64 108 0.61
108 67 0.58
67 108 0.35
108 70 0.8
70 108 0.46
108 71 0.72
71 108 0.53
108 165 0.5
165 108 0.85
108 170 0.86
170 108 0.21
108 176 0.36
176 108 0.06
108 178 0.89
178 108 0.75
108 245 0.98
245 108 0.97
108 262 0.2
262 108 0.01
108 275 0.64
275 108 0.24
108 385 0.49
385 108 0.72
108 386 0.46
386 108 0.99
109 8 0.53
8 109 0.36
109 61 0.08
61 109 0.81
109 70 0.2
70 109 0.39
109 170 0.38
170 109 0.7
109 234 0.42
234 109 0.59
110 111 0.25
111 110 0.95
111 77 0.54
77 111 0.59
111 110 0.62
110 111 0.8
111 161 0.87
161 111 0.41
111 164 0.33
164 111 0.49
111 168 0.64
168 111 0.7
111 169 0.27
169 111 0.32
111 173 0.83
173 111 0.4
111 369 0.08
369 111 0.54
111 473 0.2
473 111 0.14
112 113 0.96
113 112 0.92
113 38 0.71
38 113 0.5
113 112 0.64
112 113 0.39
113 116 0.25
116 113 0.61
113 122 0.88
122 113 0.87
113 146 0.14
146 113 0.07
113 148 0.94
148 113 0.38
113 317 0.64
317 113 0.71
113 318 0.28
318 113 0.95
113 319 0.82
319 113 0.81
114 115 0.03
115 114 0.93
115 40 0.77
40 115 0.91
115 114 0.44
114 115 0.9
115 219 0.22
219 115 0.43
115 220 0.32
220 115 0.11
115 221 0.93
221 115 0.26
115 222 0.83
222 115 0.48
116 38 0.42
38 116 0.66
116 113 0.56
113 116 0.88
116 117 0.14
117 116 0.28
116 118 0.89
118 116 0.7
116 119 0.28
119 116 0.5
116 120 0.84
120 116 0.07
116 121 0.4
121 116 0.78
116 122 0.74
122 116 0.03
116 123 0.58
123 116 0.01
116 124 0.42
124 116 0.11
116 125 0.77
125 116 0.07
116 126 0.18
126 116 0.31
116 127 0.56
127 116 0.22
116 128 0.0
128 116 0.23
116 129 0.71
129 116 0.21
116 130 0.7
130 116 0.7
116 131 0.48
131 116 0.28
116 132 0.79
132 116 0.99
116 133 0.12
133 116 0.45
116 134 0.91
134 116 0.58
116 135 0.25
135 116 0.24
116 136 0.97
136 116 0.71
116 137 0.19
137 116 0.57
116 138 0.78
138 116 0.21
116 139 0.2
139 116 0.57
117 116 0.77
116 117 0.02
117 138 0.89
138 117 0.39
117 197 0.24
197 117 0.21
117 201 0.53
201 117 0.83
118 38 1.0
38 118 0.82
118 116 0.25
116 118 0.52
118 119 0.24
119 118 0.03
118 135 0.34
135 118 0.93
118 148 0.02
148 118 0.37
118 344 0.72
344 118 0.05
119 38 0.24
38 119 0.03
119 116 0.58
116 119 0.96
119 118 0.85
118 119 0.39
119 121 0.09
121 119 0.43
119 122 0.28
122 119 0.45
119 126 0.18
126 119 0.66
119 129 0.42
129 119 0.0
119 130 0.0
130 119 0.42
119 135 0.35
135 119 0.3
119 137 0.48
137 119 0.65
119 145 0.69
145 119 0.22
119 146 0.6
146 119 0.07
119 147 0.87
147 119 0.88
119 148 0.73
148 119 0.02
119 149 0.87
149 119 0.38
119 150 0.79
150 119 0.96
119 151 0.69
151 119 0.89
119 152 0.84
152 119 0.18
119 153 0.28
153 119 0.81
119 154 0.4
154 119 0.16
119 155 0.88
155 119 0.0
119 156 0.33
156 119 0.79
119 157 0.8
157 119 0.52
119 158 0.82
158 119 0.35
119 159 0.3
159 119 0.72
119 160 0.75
160 119 0.54
120 116 0.63
116 120 0.2
120 131 0.18
131 120 0.98
120 146 0.88
146 120 0.44
120 148 0.46
148 120 0.26
120 153 0.41
153 120 0.24
120 278 0.3
278 120 0.07
121 38 0.28
38 121 0.08
121 116 0.47
116 121 0.58
121 119 0.82
119 121 0.53
121 122 0.34
122 121 0.6
121 148 0.74
148 121 0.92
121 151 0.23
151 121 0.82
121 216 0.53
216 121 0.62
121 464 0.37
464 121 0.27
122 113 0.27
113 122 0.54
122 116 0.16
116 122 0.96
122 119 0.74
119 122 0.74
122 121 0.28
121 122 0.3
122 130 0.14
130 122 0.21
122 132 0.13
132 122 0.91
122 137 0.16
137 122 0.83
122 148 0.28
148 122 0.04
122 153 0.7
153 122 0.91
122 343 0.17
343 122 0.91
122 407 0.83
407 122 0.79
122 462 0.91
462 122 0.86
122 463 0.32
463 122 0.07
122 464 0.74
464 122 0.57
122 492 0.91
492 122 0.42
123 8 0.14
8 123 0.88
123 9 0.4
9 123 0.83
123 116 0.08
116 123 0.08
123 164 0.05
164 123 0.72
123 196 0.72
196 123 0.83
123 197 0.77
197 123 0.08
123 198 0.18
198 123 0.84
123 201 0.29
201 123 1.0
124 38 0.62
38 124 0.77
124 116 0.24
116 124 0.32
124 131 0.13
131 124 0.0
124 148 0.6
148 124 0.32
124 153 0.21
153 124 0.44
124 462 0.39
462 124 0.93
125 8 0.67
8 125 0.81
125 9 0.99
9 125 0.34
125 47 0.86
47 125 0.18
125 71 0.15
71 125 0.03
125 116 0.99
116 125 0.54
125 138 0.94
138 125 0.13
125 195 0.97
195 125 0.08
125 196 0.75
196 125 0.51
125 197 0.9
197 125 0.29
125 198 0.64
198 125 0.88
125 199 0.32
199 125 0.03
125 200 0.21
200 125 0.11
125 201 0.43
201 125 0.33
126 38 0.08
38 126 0.97
126 116 0.71
116 126 0.29
126 119 0.18
119 126 0.99
126 145 0.65
145 126 0.8
126 148 0.45
148 126 0.13
126 154 0.22
154 126 0.17
126 157 0.57
157 126 0.43
126 159 0.43
159 126 0.7
126 254 0.53
254 126 0.9
126 255 0.45
255 126 0.62
127 38 0.04
38 127 0.66
127 116 0.28
116 127 0.7
127 148 0.47
148 127 0.49
127 317 0.66
317 127 0.64
128 116 0.95
116 128 0.86
128 197 0.67
197 128 0.25
129 38 0.58
38 129 0.76
129 116 0.48
116 129 0.74
129 119 0.78
119 129 0.11
129 135 0.05
135 129 0.43
129 148 0.76
148 129 0.02
130 38 0.85
38 130 1.0
130 116 0.02
116 130 0.21
130 119 0.43
119 130 0.43
130 122 0.27
122 130 0.49
130 135 1.0
135 130 0.58
130 148 0.5
148 130 0.83
130 149 0.68
149 130 0.45
130 152 0.28
152 130 0.62
130 288 0.78
288 130 0.6
130 343 0.44
343 130 0.08
130 344 0.05
344 130 0.74
131 38 0.46
38 131 0.86
131 116 0.94
116 131 0.3
131 120 0.19
120 131 0.27
131 124 0.23
124 131 0.3
131 148 0.22
148 131 0.62
131 153 0.81
153 131 0.21
131 462 0.61
462 131 0.69
132 38 0.82
38 132 0.31
132 116 0.2
116 132 0.02
132 122 0.66
122 132 0.25
132 135 0.93
135 132 0.31
132 148 0.7
148 132 0.88
132 152 0.81
152 132 0.94
132 312 0.49
312 132 0.95
133 8 0.96
8 133 0.35
133 9 0.98
9 133 0.95
133 14 0.51
14 133 0.58
133 18 0.09
18 133 0.13
133 96 0.72
96 133 0.06
133 116 0.56
116 133 0.53
133 138 0.05
138 133 0.53
133 190 0.93
190 133 0.46
133 197 0.11
197 133 0.97
133 201 0.29
201 133 0.28
133 342 0.06
342 133 0.15
134 64 0.08
64 134 0.69
134 80 0.89
80 134 0.61
134 82 0.48
82 134 0.75
134 91 0.01
91 134 0.19
134 116 0.44
116 134 0.06
134 197 0.51
197 134 0.44
134 265 0.37
265 134 0.13
134 272 0.99
272 134 0.02
135 38 0.83
38 135 0.96
135 116 0.8
116 135 0.21
135 118 0.53
118 135 0.65
135 119 0.34
119 135 0.58
135 129 0.39
129 135 0.64
135 130 0.01
130 135 0.03
135 132 0.76
132 135 0.59
135 136 0.9
136 135 0.45
135 139 0.1
139 135 0.45
135 148 0.83
148 135 0.38
135 149 0.41
149 135 0.46
135 150 0.27
150 135 0.59
135 151 0.45
151 135 0.04
135 152 0.32
152 135 0.66
135 156 0.49
156 135 0.11
135 158 0.79
158 135 0.43
135 159 0.78
159 135 0.72
135 343 0.81
343 135 0.61
135 344 0.46
344 135 0.36
135 397 0.67
397 135 0.73
135 407 0.65
407 135 0.3
135 462 0.37
462 135 0.23
135 464 0.45
464 135 0.68
135 483 0.68
483 135 0.23
135 489 0.59
489 135 0.79
135 492 0.4
492 135 0.18
135 497 0.04
497 135 0.52
135 498 0.85
498 135 0.61
135 499 0.0
499 135 0.81
136 116 0.91
116 136 0.93
136 135 0.54
135 136 0.3
136 148 0.82
148 136 0.24
136 152 0.6
152 136 0.5
136 158 0.94
158 136 0.22
136 344 0.1
344 136 0.74
137 38 0.83
38 137 0.88
137 116 0.14
116 137 0.5
137 119 0.95
119 137 0.38
137 122 0.71
122 137 0.6
137 148 0.95
148 137 0.14
137 463 0.83
463 137 0.66
138 116 0.99
116 138 0.95
138 117 0.25
117 138 0.73
138 125 0.9
125 138 0.11
138 133 0.48
133 138 0.23
138 197 0.99
197 138 0.7
138 201 0.98
201 138 0.66
138 264 0.54
264 138 0.08
138 341 0.87
341 138 0.32
138 401 0.71
401 138 0.1
139 38 0.23
38 139 0.19
139 116 0.92
116 139 0.99
139 135 0.88
135 139 0.16
139 148 0.01
148 139 0.89
140 8 0.67
8 140 0.84
140 9 0.42
9 140 0.85
140 61 0.63
61 140 0.07
140 89 0.1
89 140 0.63
140 141 0.47
141 140 0.62
140 142 0.04
142 140 0.23
140 143 0.41
143 140 0.54
140 144 0.09
144 140 0.05
141 8 0.12
8 141 0.56
141 72 0.97
72 141 0.68
141 140 0.26
140 141 0.97
141 223 0.41
223 141 0.96
141 381 0.46
381 141 0.93
141 385 0.66
385 141 0.49
141 386 0.22
386 141 0.18
142 8 0.53
8 142 0.73
142 84 0.96
84 142 0.86
142 140 0.66
140 142 0.36
142 196 0.4
196 142 0.5
142 201 0.86
201 142 0.07
142 206 0.99
206 142 0.7
142 358 0.18
358 142 0.23
143 8 0.92
8 143 0.92
143 84 0.94
84 143 0.75
143 140 0.18
140 143 0.67
143 196 0.27
196 143 0.96
143 206 0.1
206 143 0.17
143 242 0.91
242 143 0.61
143 358 0.7
358 143 0.82
144 8 0.1
8 144 0.6
144 9 0.18
9 144 0.48
144 11 0.53
11 144 0.71
144 61 0.43
61 144 0.91
144 89 0.19
89 144 0.28
144 140 0.15
140 144 0.22
144 460 0.78
460 144 0.61
144 468 0.52
468 144 0.42
145 38 0.9
38 145 0.43
145 119 0.91
119 145 0.58
145 126 0.97
126 145 0.27
146 38 0.39
38 146 0.1
146 113 0.4
113 146 0.32
146 119 0.1
119 146 0.93
146 120 0.73
120 146 0.91
147 38 0.96
38 147 0.5
147 119 0.09
119 147 0.81
148 38 0.05
38 148 0.33
148 113 0.33
113 148 0.35
148 118 0.16
118 148 0.92
148 119 0.31
119 148 0.02
148 120 0.25
120 148 0.24
148 121 0.56
121 148 0.58
148 122 0.19
122 148 0.33
148 124 0.69
124 148 0.43
148 126 0.61
126 148 0.55
148 127 0.3
127 148 0.56
148 129 0.89
129 148 0.75
148 130 0.88
130 148 0.72
148 131 0.59
131 148 0.43
148 132 0.39
132 148 0.9
148 135 0.88
135 148 0.08
148 136 0.8
136 148 0.42
148 137 0.29
137 148 0.8
148 139 0.07
139 148 0.73
148 156 0.26
156 148 0.25
148 318 0.35
318 148 0.89
148 379 0.47
379 148 0.07
148 380 0.57
380 148 0.02
149 38 0.75
38 149 0.86
149 119 0.88
119 149 0.68
149 130 0.71
130 149 0.05
149 135 0.63
135 149 0.35
149 152 0.93
152 149 0.43
150 38 0.75
38 150 0.54
150 119 0.47
119 150 0.72
150 135 0.55
135 150 0.25
150 344 0.3
344 150 0.03
151 38 0.24
38 151 0.95
151 119 0.99
119 151 0.48
151 121 0.82
121 151 0.97
151 135 0.34
135 151 0.06
152 38 0.66
38 152 0.55
152 119 0.18
119 152 0.56
152 130 0.44
130 152 0.88
152 132 0.27
132 152 0.57
152 135 0.02
135 152 0.72
152 136 0.54
136 152 0.29
152 149 0.43
149 152 0.14
152 464 0.57
464 152 0.69
153 38 0.56
38 153 0.77
153 119 0.27
119 153 0.79
153 120 0.86
120 153 0.16
153 122 0.18
122 153 0.8
153 124 0.54
124 153 0.14
153 131 0.71
131 153 0.38
153 277 0.81
277 153 0.53
153 278 0.87
278 153 0.75
154 38 0.54
38 154 0.89
154 119 0.8
119 154 0.61
154 126 0.7
126 154 0.16
154 157 0.09
157 154 0.25
154 255 0.92
255 154 0.35
154 373 0.73
373 154 0.08
154 465 0.38
465 154 0.81
154 488 0.0
488 154 0.85
155 38 0.53
38 155 0.92
155 119 0.34
119 155 0.87
155 156 0.76
156 155 0.72
155 277 0.41
277 155 0.3
155 278 0.15
278 155 0.79
155 288 0.41
288 155 0.43
156 38 0.12
38 156 0.72
156 119 0.49
119 156 0.03
156 135 0.07
135 156 0.08
156 148 0.38
148 156 0.99
156 155 0.59
155 156 0.59
156 288 0.96
288 156 0.53
157 38 0.95
38 157 0.41
157 119 0.4
119 157 0.66
157 126 0.67
126 157 0.66
157 154 0.47
154 157 0.76
157 480 0.37
480 157 0.14
158 38 0.62
38 158 0.62
158 119 0.4
119 158 0.3
158 135 0.67
135 158 0.97
158 136 0.71
136 158 0.96
159 38 0.95
38 159 0.34
159 119 0.82
119 159 0.69
159 126 0.69
126 159 0.61
159 135 0.03
135 159 0.22
159 397 0.28
397 159 0.36
160 38 0.27
38 160 0.88
160 119 0.86
119 160 0.2
161 17 0.58
17 161 0.46
161 74 0.19
74 161 0.13
161 80 0.94
80 161 0.85
161 111 0.92
111 161 0.22
161 162 0.11
162 161 0.07
161 163 0.4
163 161 0.69
161 164 0.25
164 161 0.73
161 165 0.52
165 161 0.79
161 166 0.88
166 161 0.31
161 167 0.23
167 161 0.61
161 168 0.77
168 161 0.75
161 169 0.1
169 161 0.58
161 170 0.99
170 161 0.04
161 171 0.56
171 161 0.77
161 172 0.11
172 161 0.19
161 173 0.97
173 161 0.36
161 174 0.29
174 161 0.25
162 161 0.78
161 162 0.85
162 164 0.43
164 162 0.45
162 168 0.46
168 162 0.97
162 169 0.81
169 162 0.19
163 161 0.08
161 163 0.16
163 164 0.84
164 163 0.41
163 168 0.81
168 163 0.37
163 169 0.54
169 163 0.24
163 171 1.0
171 163 0.35
164 17 0.24
17 164 0.19
164 63 0.44
63 164 0.26
164 64 0.5
64 164 0.26
164 72 0.05
72 164 0.24
164 77 0.61
77 164 0.9
164 80 0.97
80 164 0.24
164 111 0.45
111 164 0.39
164 123 0.92
123 164 0.32
164 161 0.06
161 164 0.25
164 162 0.98
162 164 0.08
164 163 0.95
163 164 0.85
164 169 0.3
169 164 0.45
164 198 0.37
198 164 0.51
164 323 0.52
323 164 0.93
164 391 0.09
391 164 0.67
165 4 0.84
4 165 0.58
165 8 0.89
8 165 0.61
165 31 0.56
31 165 0.9
165 57 0.59
57 165 0.41
165 60 0.4
60 165 0.06
165 61 0.78
61 165 0.11
165 108 0.05
108 165 0.84
165 161 0.85
161 165 0.77
165 170 0.8
170 165 0.64
165 186 0.87
186 165 0.78
165 236 0.26
236 165 0.63
165 245 0.99
245 165 0.5
165 295 0.45
295 165 0.61
166 161 0.86
161 166 0.26
166 241 0.26
241 166 0.68
167 161 0.49
161 167 0.12
168 17 0.27
17 168 0.09
168 64 0.91
64 168 0.55
168 77 0.19
77 168 0.04
168 111 0.77
111 168 0.37
168 161 0.14
161 168 0.61
168 162 0.94
162 168 0.34
168 163 0.74
163 168 0.09
168 169 0.63
169 168 0.05
168 173 0.82
173 168 0.49
168 247 0.99
247 168 0.91
168 297 0.54
297 168 0.15
168 416 0.03
416 168 0.4
168 417 0.68
417 168 0.31
168 418 0.47
418 168 0.14
168 419 0.86
419 168 0.06
169 17 0.1
17 169 0.44
169 66 0.41
66 169 0.35
169 77 0.47
77 169 0.8
169 80 0.65
80 169 0.6
169 111 0.31
111 169 0.37
169 161 0.39
161 169 0.44
169 162 0.06
162 169 0.83
169 163 0.81
163 169 0.14
169 164 0.01
164 169 0.9
169 168 0.45
168 169 0.69
169 214 0.64
214 169 0.43
169 247 0.39
247 169 0.52
169 367 0.02
367 169 0.87
169 369 0.87
369 169 0.25
169 370 0.07
370 169 0.94
170 43 0.09
43 170 0.1
170 53 0.92
53 170 0.26
170 80 0.53
80 170 0.89
170 108 0.78
108 170 0.86
170 109 0.23
109 170 0.98
170 161 0.79
161 170 0.12
170 165 0.99
165 170 0.24
170 236 0.59
236 170 0.2
170 250 0.63
250 170 0.93
170 295 0.15
295 170 0.39
171 77 0.55
77 171 0.57
171 80 0.57
80 171 0.76
171 161 0.79
161 171 0.03
171 163 0.11
163 171 0.5
172 11 0.22
11 172 0.17
172 25 0.11
25 172 0.34
172 26 0.49
26 172 0.42
172 27 0.3
27 172 0.62
172 43 0.52
43 172 0.99
172 63 0.97
63 172 0.59
172 66 0.88
66 172 0.67
172 105 0.49
105 172 0.15
172 161 0.04
161 172 0.02
172 180 0.22
180 172 0.55
172 181 0.21
181 172 0.49
172 240 0.44
240 172 0.95
172 244 0.54
244 172 0.93
172 289 0.66
289 172 0.35
173 111 0.39
111 173 0.2
173 161 0.67
161 173 0.44
173 168 0.69
168 173 0.14
174 2 0.66
2 174 0.35
174 8 0.08
8 174 0.88
174 9 0.38
9 174 0.47
174 11 0.57
11 174 0.89
174 25 0.13
25 174 0.49
174 26 0.35
26 174 0.85
174 27 0.36
27 174 0.71
174 43 0.67
43 174 0.55
174 55 0.59
55 174 0.8
174 59 0.64
59 174 0.5
174 61 0.53
61 174 0.7
174 63 0.64
63 174 0.83
174 65 0.68
65 174 0.75
174 66 0.25
66 174 0.09
174 105 0.79
105 174 0.94
174 161 0.45
161 174 0.67
174 180 0.58
180 174 0.32
174 181 0.76
181 174 0.42
174 182 0.78
182 174 0.57
174 183 0.15
183 174 0.6
174 184 0.31
184 174 0.43
174 186 0.96
186 174 0.12
174 237 0.92
237 174 0.88
174 240 0.43
240 174 0.14
174 242 0.16
242 174 0.17
174 244 0.22
244 174 0.93
174 245 0.03
245 174 0.24
174 289 0.6
289 174 0.22
174 290 0.08
290 174 0.14
174 291 0.81
291 174 0.27
175 8 0.39
8 175 0.75
175 31 0.45
31 175 0.57
175 61 0.09
61 175 0.1
175 176 0.13
176 175 0.03
175 177 0.84
177 175 0.02
175 178 0.76
178 175 0.21
176 8 0.33
8 176 0.14
176 31 0.37
31 176 0.78
176 53 0.84
53 176 0.37
176 61 0.03
61 176 0.31
176 67 0.32
67 176 0.25
176 71 0.35
71 176 0.11
176 72 0.73
72 176 0.01
176 104 0.99
104 176 0.45
176 108 0.22
108 176 0.93
176 175 0.32
175 176 0.83
176 276 0.87
276 176 0.72
177 26 0.42
26 177 0.91
177 104 0.23
104 177 0.22
177 175 0.13
175 177 0.03
178 26 0.92
26 178 0.12
178 53 0.38
53 178 0.09
178 60 0.21
60 178 0.52
178 63 0.57
63 178 0.72
178 104 0.3
104 178 0.59
178 108 1.0
108 178 0.32
178 175 0.06
175 178 0.88
178 183 0.7
183 178 0.85
178 295 0.59
295 178 0.88
178 364 0.65
364 178 0.8
179 8 0.98
8 179 0.78
179 9 0.28
9 179 0.39
179 43 0.32
43 179 0.04
179 66 0.95
66 179 0.47
179 69 0.99
69 179 0.85
179 80 0.02
80 179 0.42
179 98 0.78
98 179 0.75
179 273 0.2
273 179 0.56
179 424 0.14
424 179 0.17
180 11 0.34
11 180 0.55
180 26 0.92
26 180 0.18
180 27 0.58
27 180 0.18
180 43 0.05
43 180 0.79
180 60 0.99
60 180 0.66
180 65 0.09
65 180 0.68
180 66 0.62
66 180 0.91
180 72 0.86
72 180 0.02
180 81 0.04
81 180 0.71
180 84 0.97
84 180 0.55
180 172 0.91
172 180 0.65
180 174 0.53
174 180 0.38
180 188 0.36
188 180 0.93
180 199 0.57
199 180 0.57
180 206 0.56
206 180 0.16
180 223 0.88
223 180 0.88
180 243 0.65
243 180 0.54
180 244 0.22
244 180 0.93
180 262 0.51
262 180 0.38
180 266 0.74
266 180 0.36
180 284 0.4
284 180 0.39
180 287 0.13
287 180 0.6
180 295 0.84
295 180 0.26
180 324 0.05
324 180 0.14
180 331 0.63
331 180 0.63
180 358 0.34
358 180 0.05
180 390 0.19
390 180 0.24
180 430 0.21
430 180 0.33
180 440 0.84
440 180 0.9
180 466 0.29
466 180 0.11
181 4 0.28
4 181 0.31
181 8 0.99
8 181 0.41
181 9 0.24
9 181 0.19
181 26 0.9
26 181 0.23
181 27 0.85
27 181 0.63
181 43 0.75
43 181 0.28
181 47 0.25
47 181 0.31
181 55 0.55
55 181 0.52
181 57 0.7
57 181 0.3
181 59 0.99
59 181 0.0
181 61 0.22
61 181 0.17
181 65 0.5
65 181 0.15
181 66 0.63
66 181 0.78
181 172 0.61
172 181 0.37
181 174 0.4
174 181 0.65
181 183 0.68
183 181 0.51
181 186 0.88
186 181 0.9
181 239 0.15
239 181 0.82
181 240 0.78
240 181 0.14
181 275 0.76
275 181 0.08
181 298 0.78
298 181 0.43
181 425 0.58
425 181 0.45
181 478 0.83
478 181 0.03
182 8 0.43
8 182 0.65
182 43 0.54
43 182 0.09
182 66 0.81
66 182 0.48
182 72 0.85
72 182 0.75
182 82 0.76
82 182 0.92
182 174 0.51
174 182 0.93
182 474 0.75
474 182 0.15
183 2 0.79
2 183 0.72
183 4 0.66
4 183 0.18
183 8 0.49
8 183 0.88
183 26 0.58
26 183 0.72
183 27 0.1
27 183 0.97
183 43 0.08
43 183 0.44
183 55 0.04
55 183 0.46
183 59 0.45
59 183 0.85
183 61 0.27
61 183 0.59
183 63 0.23
63 183 0.45
183 66 0.79
66 183 0.14
183 80 0.45
80 183 0.7
183 174 0.18
174 183 0.57
183 178 0.59
178 183 0.57
183 181 0.01
181 183 0.62
183 186 0.78
186 183 0.17
183 240 0.82
240 183 0.1
183 245 0.53
245 183 0.68
183 290 0.24
290 183 0.75
183 382 0.1
382 183 0.68
183 413 0.9
413 183 0.14
183 435 0.44
435 183 0.11
184 8 0.19
8 184 0.77
184 11 0.71
11 184 0.49
184 26 0.78
26 184 0.56
184 43 0.66
43 184 0.0
184 66 0.79
66 184 0.94
184 80 0.25
80 184 0.09
184 174 0.13
174 184 0.5
184 240 0.38
240 184 0.98
184 243 0.43
243 184 0.89
184 295 0.61
295 184 0.12
185 8 0.8
8 185 0.08
185 9 0.13
9 185 0.3
185 43 0.43
43 185 0.84
186 3 0.85
3 186 0.16
186 4 0.79
4 186 0.74
186 8 0.13
8 186 0.05
186 11 0.14
11 186 0.63
186 26 0.23
26 186 0.41
186 43 0.83
43 186 0.64
186 52 0.51
52 186 0.73
186 63 0.3
63 186 0.32
186 65 0.17
65 186 0.71
186 66 0.7
66 186 0.95
186 72 0.2
72 186 0.15
186 82 0.41
82 186 0.14
186 84 0.38
84 186 0.8
186 94 0.41
94 186 0.37
186 96 0.22
96 186 0.64
186 165 0.84
165 186 0.67
186 174 0.86
174 186 0.89
186 181 0.13
181 186 0.82
186 183 0.64
183 186 0.71
186 205 0.2
205 186 0.95
186 207 0.61
207 186 0.01
186 235 0.79
235 186 0.01
186 236 0.95
236 186 0.6
186 240 0.09
240 186 0.27
186 243 0.8
243 186 0.47
186 244 0.76
244 186 0.41
186 257 0.98
257 186 0.84
186 262 0.42
262 186 0.1
186 291 0.64
291 186 0.2
187 8 0.84
8 187 0.18
187 43 0.34
43 187 0.76
187 236 0.53
236 187 0.79
187 321 0.54
321 187 0.62
188 180 0.66
180 188 0.4
189 38 0.85
38 189 0.1
190 133 0.1
133 190 0.36
191 15 0.92
15 191 0.49
191 16 0.49
16 191 0.76
192 16 0.69
16 192 0.08
192 21 0.5
21 192 0.87
192 22 0.5
22 192 0.2
193 14 0.56
14 193 0.83
193 15 0.73
15 193 0.58
193 16 0.82
16 193 0.4
193 18 0.96
18 193 0.64
193 20 0.25
20 193 0.29
193 22 0.99
22 193 0.88
194 14 0.21
14 194 0.9
194 15 0.57
15 194 0.03
194 16 0.79
16 194 0.6
194 18 0.24
18 194 0.27
194 19 0.47
19 194 0.2
194 20 0.35
20 194 0.66
194 21 0.22
21 194 0.73
194 22 0.83
22 194 0.49
194 272 0.85
272 194 0.6
194 283 0.26
283 194 0.23
195 8 0.23
8 195 0.05
195 125 0.38
125 195 0.89
196 8 0.26
8 196 0.36
196 89 0.08
89 196 0.55
196 90 0.69
90 196 0.57
196 123 0.45
123 196 0.83
196 125 0.93
125 196 0.42
196 142 0.35
142 196 0.63
196 143 0.41
143 196 0.47
196 285 0.3
285 196 0.33
196 331 0.87
331 196 0.41
196 334 0.41
334 196 0.29
196 354 0.79
354 196 0.18
196 477 0.32
477 196 0.53
197 8 0.51
8 197 0.15
197 9 0.34
9 197 0.5
197 117 0.15
117 197 0.57
197 123 0.66
123 197 0.74
197 125 0.76
125 197 0.2
197 128 0.62
128 197 0.38
197 133 0.57
133 197 0.89
197 134 0.24
134 197 0.89
197 138 0.8
138 197 0.28
197 201 0.88
201 197 0.71
197 253 0.84
253 197 0.58
198 123 0.04
123 198 0.66
198 125 0.43
125 198 0.29
198 164 0.43
164 198 0.1
198 323 0.71
323 198 0.38
199 8 0.8
8 199 0.64
199 125 0.61
125 199 0.71
199 180 0.15
180 199 0.09
199 351 0.92
351 199 0.79
199 352 0.17
352 199 0.09
200 8 0.5
8 200 0.61
200 25 0.65
25 200 0.02
200 125 0.41
125 200 0.74
200 341 0.26
341 200 0.32
200 342 0.79
342 200 0.93
201 117 0.08
117 201 0.82
201 123 0.3
123 201 0.63
201 125 0.26
125 201 0.28
201 133 0.47
133 201 0.56
201 138 0.47
138 201 0.75
201 142 0.89
142 201 0.23
201 197 0.89
197 201 0.9
201 253 0.06
253 201 0.46
201 433 0.57
433 201 0.94
201 439 0.32
439 201 0.98
202 203 0.47
203 202 0.98
203 6 0.67
6 203 0.03
203 202 0.74
202 203 0.85
203 231 0.7
231 203 0.02
203 327 0.74
327 203 0.81
204 72 0.8
72 204 0.57
204 74 0.56
74 204 0.95
204 82 0.98
82 204 0.88
204 83 0.74
83 204 0.39
204 102 0.36
102 204 0.33
204 248 0.88
248 204 0.57
204 259 0.35
259 204 0.46
204 264 0.35
264 204 0.5
204 267 0.45
267 204 0.67
204 269 0.12
269 204 0.4
204 283 0.67
283 204 0.61
204 299 0.62
299 204 0.16
204 315 0.85
315 204 0.82
204 349 0.11
349 204 0.5
204 367 0.54
367 204 0.64
204 420 0.46
420 204 0.08
205 25 0.64
25 205 0.37
205 66 0.47
66 205 0.93
205 72 0.91
72 205 0.65
205 80 0.36
80 205 0.93
205 83 0.22
83 205 0.15
205 186 0.63
186 205 0.79
205 240 0.09
240 205 0.79
205 430 0.4
430 205 0.81
206 8 0.24
8 206 0.78
206 83 0.95
83 206 0.53
206 142 0.84
142 206 0.97
206 143 0.17
143 206 0.31
206 180 0.09
180 206 0.84
206 237 0.09
237 206 0.95
206 351 0.23
351 206 0.76
206 352 0.08
352 206 0.25
206 362 0.31
362 206 0.75
206 466 0.81
466 206 0.14
207 20 0.14
20 207 0.81
207 25 0.46
25 207 0.98
207 66 0.13
66 207 0.39
207 72 0.6
72 207 0.46
207 80 0.87
80 207 0.01
207 83 0.76
83 207 1.0
207 186 0.29
186 207 0.61
207 240 0.92
240 207 0.15
207 430 0.68
430 207 0.96
208 4 0.78
4 208 0.46
208 63 0.22
63 208 0.77
208 83 0.06
83 208 0.06
208 290 0.61
290 208 0.39
208 398 0.35
398 208 0.78
208 426 0.01
426 208 0.71
209 8 0.75
8 209 0.23
209 31 0.08
31 209 0.89
209 52 0.38
52 209 0.81
209 53 0.17
53 209 0.82
209 61 0.02
61 209 0.74
209 71 0.46
71 209 0.32
209 83 0.83
83 209 0.45
210 8 0.73
8 210 0.34
211 52 0.02
52 211 0.89
211 58 0.25
58 211 0.62
211 72 0.61
72 211 0.26
211 212 0.23
212 211 0.77
211 213 0.2
213 211 0.66
211 214 0.1
214 211 0.7
211 215 0.36
215 211 0.04
212 211 0.87
211 212 0.58
212 214 0.6
214 212 0.9
213 211 0.52
211 213 0.44
213 214 0.76
214 213 0.17
214 8 0.34
8 214 0.37
214 58 0.09
58 214 0.07
214 72 0.73
72 214 0.08
214 169 0.72
169 214 0.49
214 211 0.34
211 214 0.66
214 212 0.45
212 214 0.14
214 213 0.05
213 214 0.26
214 215 0.61
215 214 0.2
214 223 0.21
223 214 0.48
214 444 0.86
444 214 0.17
215 211 0.58
211 215 0.53
215 214 0.08
214 215 0.73
216 121 0.76
121 216 0.1
216 217 0.74
217 216 0.55
216 218 0.59
218 216 0.67
217 216 0.04
216 217 0.22
218 216 0.72
216 218 0.64
218 494 0.09
494 218 0.54
219 115 0.06
115 219 0.43
220 8 0.29
8 220 0.12
220 115 0.18
115 220 0.98
221 115 0.85
115 221 0.89
222 115 0.24
115 222 0.06
223 11 0.33
11 223 0.53
223 55 0.55
55 223 0.49
223 59 0.47
59 223 0.34
223 63 0.93
63 223 0.03
223 72 0.15
72 223 0.76
223 80 0.14
80 223 0.56
223 141 0.72
141 223 0.66
223 180 0.89
180 223 0.11
223 214 0.04
214 223 0.97
223 224 0.22
224 223 0.41
223 225 0.7
225 223 0.69
223 226 0.69
226 223 0.41
223 227 0.42
227 223 0.8
223 228 0.9
228 223 0.49
224 223 0.52
223 224 0.18
224 351 0.02
351 224 0.95
224 352 0.62
352 224 0.97
225 223 0.06
223 225 0.94
225 284 0.3
284 225 0.09
225 384 0.73
384 225 0.71
225 385 0.66
385 225 0.8
225 386 0.99
386 225 0.5
226 223 0.14
223 226 0.04
226 372 0.47
372 226 0.25
226 487 0.83
487 226 0.74
227 223 0.14
223 227 0.26
228 223 0.84
223 228 0.85
228 422 0.47
422 228 0.27
229 230 0.13
230 229 0.5
229 231 0.39
231 229 0.75
230 1 0.51
1 230 1.0
230 5 0.48
5 230 0.52
230 6 0.68
6 230 0.29
230 229 0.27
229 230 0.12
230 231 0.43
231 230 0.97
230 326 0.93
326 230 0.51
230 327 0.15
327 230 0.41
230 328 0.49
328 230 0.55
230 329 0.9
329 230 0.8
230 330 0.44
330 230 0.58
231 1 0.64
1 231 0.09
231 6 0.56
6 231 0.85
231 203 0.86
203 231 0.76
231 229 0.31
229 231 0.03
231 230 0.03
230 231 0.05
231 327 0.12
327 231 0.65
231 328 0.36
328 231 0.75
231 329 0.41
329 231 0.83
231 330 0.97
330 231 0.0
231 368 0.88
368 231 0.33
231 451 0.71
451 231 0.09
231 471 0.21
471 231 0.48
232 233 0.35
233 232 0.2
233 55 0.34
55 233 0.5
233 59 0.74
59 233 0.86
233 232 0.45
232 233 0.42
234 8 0.65
8 234 0.17
234 9 0.88
9 234 0.52
234 26 0.95
26 234 0.42
234 47 0.18
47 234 0.68
234 57 0.3
57 234 0.64
234 61 0.24
61 234 0.81
234 80 0.65
80 234 0.49
234 109 0.33
109 234 0.23
234 236 0.46
236 234 0.68
234 241 0.86
241 234 0.06
235 4 0.15
4 235 0.18
235 8 0.91
8 235 0.86
235 53 0.38
53 235 0.98
235 63 0.51
63 235 0.53
235 66 0.34
66 235 0.61
235 72 0.82
72 235 0.21
235 80 0.52
80 235 0.43
235 82 0.83
82 235 0.72
235 97 0.02
97 235 0.9
235 186 0.1
186 235 0.61
236 8 0.84
8 236 0.95
236 9 0.39
9 236 0.51
236 11 0.58
11 236 0.87
236 26 1.0
26 236 0.03
236 27 0.5
27 236 0.64
236 47 0.96
47 236 0.9
236 57 0.88
57 236 0.94
236 60 0.17
60 236 0.75
236 61 0.72
61 236 0.83
236 64 0.5
64 236 0.62
236 66 0.62
66 236 0.69
236 80 0.8
80 236 0.0
236 165 0.73
165 236 0.82
236 170 0.45
170 236 0.44
236 186 0.24
186 236 0.89
236 187 0.7
187 236 0.98
236 234 0.1
234 236 0.4
236 245 0.09
245 236 0.53
236 251 0.88
251 236 0.95
236 262 0.6
262 236 0.5
236 275 0.05
275 236 0.46
236 335 0.77
335 236 0.88
237 8 0.5
8 237 0.11
237 26 0.34
26 237 0.53
237 66 0.52
66 237 0.55
237 84 0.09
84 237 0.9
237 174 0.23
174 237 0.16
237 206 0.69
206 237 0.21
237 358 0.63
358 237 0.8
238 66 0.05
66 238 0.8
238 351 0.82
351 238 0.32
238 352 0.72
352 238 1.0
239 26 0.12
26 239 0.04
239 27 0.5
27 239 0.98
239 53 0.42
53 239 0.3
239 63 0.11
63 239 0.67
239 66 0.94
66 239 0.4
239 84 0.48
84 239 0.23
239 94 0.27
94 239 0.87
239 181 0.32
181 239 0.33
239 240 0.09
240 239 0.4
239 295 0.14
295 239 0.4
240 4 0.11
4 240 0.32
240 8 0.71
8 240 0.34
240 9 0.47
9 240 0.98
240 26 0.69
26 240 0.94
240 52 0.69
52 240 0.41
240 55 0.08
55 240 0.24
240 59 0.38
59 240 0.49
240 61 0.1
61 240 0.55
240 65 0.47
65 240 0.48
240 66 0.95
66 240 0.62
240 101 0.69
101 240 0.51
240 172 0.94
172 240 0.65
240 174 0.44
174 240 0.85
240 181 0.7
181 240 0.02
240 183 0.75
183 240 0.04
240 184 0.97
184 240 0.97
240 186 0.36
186 240 0.72
240 205 0.5
205 240 0.23
240 207 0.4
207 240 0.76
240 239 0.47
239 240 0.11
240 244 0.8
244 240 0.59
240 246 0.71
246 240 0.79
240 257 0.21
257 240 0.79
240 274 0.27
274 240 0.03
240 290 0.99
290 240 0.17
240 291 0.03
291 240 0.47
240 298 0.11
298 240 0.73
240 351 0.69
351 240 0.65
240 353 0.02
353 240 0.18
240 373 0.88
373 240 0.76
240 413 0.05
413 240 0.62
241 4 0.61
4 241 0.61
241 8 0.15
8 241 0.31
241 9 0.04
9 241 0.02
241 26 0.74
26 241 0.36
241 47 0.87
47 241 0.67
241 52 0.22
52 241 0.91
241 58 0.53
58 241 0.5
241 60 0.8
60 241 0.14
241 61 0.51
61 241 0.89
241 66 0.67
66 241 0.42
241 166 0.66
166 241 0.07
241 234 0.25
234 241 0.95
241 284 0.94
284 241 0.06
241 290 0.84
290 241 0.87
241 420 1.0
420 241 0.03
242 8 0.2
8 242 0.98
242 11 0.08
11 242 0.1
242 27 0.89
27 242 0.72
242 66 0.13
66 242 0.49
242 84 0.07
84 242 0.93
242 143 0.32
143 242 0.13
242 174 0.97
174 242 0.75
242 340 0.84
340 242 0.99
242 351 0.54
351 242 0.81
243 8 0.29
8 243 0.59
243 66 0.75
66 243 0.5
243 180 0.16
180 243 0.83
243 184 0.26
184 243 0.05
243 186 0.02
186 243 0.16
243 244 0.2
244 243 0.72
244 2 0.41
2 244 0.36
244 4 0.42
4 244 0.07
244 8 0.45
8 244 0.91
244 9 0.74
9 244 1.0
244 11 0.18
11 244 0.42
244 26 0.16
26 244 0.66
244 47 0.77
47 244 0.83
244 52 0.64
52 244 0.28
244 53 0.28
53 244 0.98
244 60 0.55
60 244 0.2
244 61 0.53
61 244 0.31
244 66 0.07
66 244 0.58
244 172 0.14
172 244 0.43
244 174 0.99
174 244 0.78
244 180 0.18
180 244 0.82
244 186 0.92
186 244 0.46
244 240 0.1
240 244 0.42
244 243 0.2
243 244 0.31
244 298 0.87
298 244 0.25
244 351 0.03
351 244 0.16
244 352 0.3
352 244 0.86
244 390 0.41
390 244 0.44
244 393 0.39
393 244 0.39
244 455 0.0
455 244 0.29
245 2 0.83
2 245 0.09
245 4 0.37
4 245 0.29
245 8 0.84
8 245 0.44
245 17 0.99
17 245 0.22
245 26 0.18
26 245 0.38
245 53 0.71
53 245 0.71
245 60 0.88
60 245 0.22
245 63 0.29
63 245 0.52
245 66 0.34
66 245 0.18
245 80 0.63
80 245 0.46
245 93 0.79
93 245 0.9
245 94 0.27
94 245 0.87
245 96 0.65
96 245 0.12
245 105 0.73
105 245 0.95
245 108 0.48
108 245 0.65
245 165 0.44
165 245 0.43
245 174 0.27
174 245 0.23
245 183 0.4
183 245 0.93
245 236 0.82
236 245 0.49
245 257 0.69
257 245 0.88
245 262 0.01
262 245 0.56
245 363 0.68
363 245 0.25
245 429 0.94
429 245 0.84
246 52 0.87
52 246 0.55
246 66 0.85
66 246 0.19
246 240 0.44
240 246 0.36
247 17 0.05
17 247 0.62
247 66 0.58
66 247 0.18
247 80 0.38
80 247 0.31
247 168 0.27
168 247 0.04
247 169 0.34
169 247 0.3
247 252 0.09
252 247 0.65
247 369 0.85
369 247 0.74
247 370 0.35
370 247 0.82
248 8 0.42
8 248 0.47
248 74 0.13
74 248 0.04
248 204 0.36
204 248 0.16
248 283 0.23
283 248 0.1
249 2 0.87
2 249 0.85
250 2 0.18
2 250 0.31
250 8 0.25
8 250 0.12
250 170 0.84
170 250 0.41
251 8 0.63
8 251 0.33
251 236 0.65
236 251 0.21
252 247 0.1
247 252 0.99
253 23 0.09
23 253 0.55
253 197 0.89
197 253 0.97
253 201 0.95
201 253 0.44
254 38 0.0
38 254 0.84
254 126 0.24
126 254 0.63
255 38 0.04
38 255 0.7
255 126 0.0
126 255 0.51
255 154 0.67
154 255 0.5
256 74 0.12
74 256 0.02
257 8 0.58
8 257 0.95
257 9 0.62
9 257 0.8
257 57 0.38
57 257 0.0
257 61 0.18
61 257 0.34
257 63 0.93
63 257 0.92
257 72 0.4
72 257 0.67
257 186 0.59
186 257 0.66
257 240 0.69
240 257 0.93
257 245 1.0
245 257 0.05
257 258 0.75
258 257 0.67
257 268 0.89
268 257 0.04
257 274 0.78
274 257 0.37
257 291 0.49
291 257 0.76
257 426 0.3
426 257 0.2
257 434 0.62
434 257 0.58
258 64 0.7
64 258 0.4
258 69 0.7
69 258 0.04
258 72 0.93
72 258 0.35
258 257 0.58
257 258 0.66
259 47 0.31
47 259 0.53
259 53 0.93
53 259 0.38
259 57 0.2
57 259 0.29
259 58 0.26
58 259 0.67
259 63 0.36
63 259 0.32
259 72 0.22
72 259 0.18
259 74 0.13
74 259 0.07
259 80 0.16
80 259 0.89
259 97 0.8
97 259 0.53
259 204 0.2
204 259 0.71
259 376 0.92
376 259 0.59
259 377 0.5
377 259 0.33
260 63 0.15
63 260 0.61
260 65 0.09
65 260 0.75
260 72 0.88
72 260 0.11
260 88 0.27
88 260 0.76
260 398 0.66
398 260 0.2
261 63 0.47
63 261 0.79
261 65 0.98
65 261 0.75
261 72 0.66
72 261 0.56
261 290 0.87
290 261 0.86
261 398 0.78
398 261 0.65
262 4 0.42
4 262 0.35
262 8 0.24
8 262 0.41
262 9 0.51
9 262 0.77
262 26 0.0
26 262 0.37
262 52 0.42
52 262 0.03
262 58 0.03
58 262 0.45
262 71 0.17
71 262 0.12
262 72 0.84
72 262 0.91
262 93 0.03
93 262 0.75
262 108 0.94
108 262 0.43
262 180 0.14
180 262 0.31
262 186 0.27
186 262 0.02
262 236 0.94
236 262 0.62
262 245 0.74
245 262 0.63
262 275 0.7
275 262 0.15
262 411 0.16
411 262 0.0
263 55 0.39
55 263 0.98
263 59 0.88
59 263 0.96
263 72 0.56
72 263 0.82
263 82 0.99
82 263 0.1
263 96 0.27
96 263 0.83
264 72 0.91
72 264 0.34
264 74 0.63
74 264 0.62
264 82 0.81
82 264 0.14
264 138 0.46
138 264 0.83
264 204 0.25
204 264 0.87
264 302 0.85
302 264 0.4
264 304 0.9
304 264 0.73
264 315 0.55
315 264 0.58
264 367 0.27
367 264 0.64
265 72 0.72
72 265 0.69
265 82 0.49
82 265 0.12
265 134 0.9
134 265 0.63
266 8 0.83
8 266 0.19
266 12 0.12
12 266 0.68
266 72 0.56
72 266 0.94
266 180 0.86
180 266 0.32
266 422 0.62
422 266 0.28
267 72 0.76
72 267 0.44
267 74 0.67
74 267 0.89
267 82 0.59
82 267 0.11
267 102 0.36
102 267 0.39
267 204 0.46
204 267 0.32
267 282 0.01
282 267 0.46
267 283 0.94
283 267 0.88
267 420 0.48
420 267 0.26
268 64 0.99
64 268 0.11
268 69 0.31
69 268 0.16
268 72 0.71
72 268 0.61
268 257 0.71
257 268 0.96
269 74 0.99
74 269 0.6
269 204 0.84
204 269 0.09
269 270 0.26
270 269 0.43
270 17 0.9
17 270 0.28
270 74 0.5
74 270 0.29
270 269 0.85
269 270 0.81
270 293 0.74
293 270 0.4
270 453 0.58
453 270 0.63
270 454 0.75
454 270 0.25
271 80 0.7
80 271 0.77
272 80 0.26
80 272 0.66
272 134 0.06
134 272 0.85
272 194 0.27
194 272 0.51
273 63 0.19
63 273 0.05
273 80 0.22
80 273 0.22
273 179 0.67
179 273 0.61
274 11 0.83
11 274 0.13
274 26 0.23
26 274 0.17
274 54 0.4
54 274 0.66
274 63 0.02
63 274 0.59
274 80 0.48
80 274 0.43
274 240 0.35
240 274 0.18
274 257 0.03
257 274 0.51
275 26 0.13
26 275 0.54
275 53 0.07
53 275 0.74
275 63 0.63
63 275 0.36
275 73 0.59
73 275 0.47
275 80 0.76
80 275 0.86
275 108 0.25
108 275 0.98
275 181 0.69
181 275 0.69
275 236 0.87
236 275 0.2
275 262 0.8
262 275 0.12
276 8 0.79
8 276 0.94
276 31 0.4
31 276 0.43
276 40 0.15
40 276 0.73
276 61 0.39
61 276 0.55
276 67 0.46
67 276 0.81
276 176 0.09
176 276 0.21
276 290 0.66
290 276 0.05
276 295 0.65
295 276 0.07
277 38 0.7
38 277 0.81
277 153 0.95
153 277 0.46
277 155 0.6
155 277 0.67
277 301 0.32
301 277 0.4
278 38 0.36
38 278 0.32
278 120 0.28
120 278 0.65
278 153 0.19
153 278 0.9
278 155 0.19
155 278 0.15
278 288 0.09
288 278 0.82
279 280 0.74
280 279 0.55
280 88 0.86
88 280 0.31
280 279 0.12
279 280 0.16
280 331 0.9
331 280 0.27
281 282 0.57
282 281 0.25
281 283 0.69
283 281 0.47
282 74 0.3
74 282 0.19
282 102 0.02
102 282 0.72
282 267 0.47
267 282 0.87
282 281 0.75
281 282 0.94
282 283 0.52
283 282 0.76
282 420 0.17
420 282 0.68
283 15 0.5
15 283 0.08
283 74 0.95
74 283 0.08
283 102 0.5
102 283 0.35
283 194 0.47
194 283 0.78
283 204 0.85
204 283 0.36
283 248 0.3
248 283 0.46
283 267 0.03
267 283 0.76
283 281 0.11
281 283 0.9
283 282 0.5
282 283 0.21
283 299 0.85
299 283 0.99
283 315 0.91
315 283 0.65
283 316 0.13
316 283 0.8
283 420 0.43
420 283 0.6
284 180 0.58
180 284 0.28
284 225 0.04
225 284 0.33
284 241 0.84
241 284 0.58
284 285 0.13
285 284 0.55
284 286 0.28
286 284 0.22
284 287 0.65
287 284 0.88
285 8 0.23
8 285 0.48
285 196 0.24
196 285 0.77
285 284 0.67
284 285 0.02
285 287 0.56
287 285 0.78
285 422 0.88
422 285 0.87
286 284 0.37
284 286 0.97
287 11 0.47
11 287 0.41
287 12 0.57
12 287 0.62
287 180 0.29
180 287 0.31
287 284 0.35
284 287 0.18
287 285 0.87
285 287 0.78
287 324 0.1
324 287 0.5
287 430 0.86
430 287 0.7
288 38 0.1
38 288 0.08
288 130 0.62
130 288 0.26
288 155 0.84
155 288 0.27
288 156 0.49
156 288 0.88
288 278 0.31
278 288 0.52
288 343 0.29
343 288 0.94
288 462 0.19
462 288 0.4
288 463 0.63
463 288 0.13
288 464 0.46
464 288 0.52
289 8 0.08
8 289 0.46
289 9 0.82
9 289 0.79
289 172 0.97
172 289 0.46
289 174 0.59
174 289 0.3
289 290 0.38
290 289 0.92
290 4 0.82
4 290 0.94
290 8 0.37
8 290 0.8
290 52 0.71
52 290 0.76
290 53 0.28
53 290 0.59
290 57 0.32
57 290 0.18
290 65 0.09
65 290 0.77
290 104 0.91
104 290 0.89
290 174 0.77
174 290 0.56
290 183 0.18
183 290 0.1
290 208 0.5
208 290 0.88
290 240 0.73
240 290 0.51
290 241 0.02
241 290 0.37
290 261 0.16
261 290 0.64
290 276 1.0
276 290 0.5
290 289 0.58
289 290 0.27
290 295 0.67
295 290 0.9
290 429 0.72
429 290 0.19
291 12 0.55
12 291 0.78
291 26 0.67
26 291 0.93
291 27 0.85
27 291 0.42
291 90 0.3
90 291 0.7
291 174 0.54
174 291 0.19
291 186 0.51
186 291 0.89
291 240 0.51
240 291 0.34
291 257 0.65
257 291 0.14
292 8 0.82
8 292 0.14
292 47 0.37
47 292 0.64
292 58 0.35
58 292 0.88
292 74 0.51
74 292 0.64
292 293 0.69
293 292 0.98
292 294 0.3
294 292 0.66
293 74 0.51
74 293 0.14
293 270 0.67
270 293 0.41
293 292 0.06
292 293 0.37
293 452 0.4
452 293 0.79
293 453 0.47
453 293 0.59
293 454 0.01
454 293 0.12
294 58 0.15
58 294 0.78
294 74 0.17
74 294 0.57
294 292 0.44
292 294 0.46
294 349 0.01
349 294 0.27
295 8 0.48
8 295 0.48
295 9 0.43
9 295 0.19
295 61 0.82
61 295 0.52
295 65 0.85
65 295 0.02
295 165 0.83
165 295 0.21
295 170 0.81
170 295 0.86
295 178 0.63
178 295 0.98
295 180 0.89
180 295 0.35
295 184 0.6
184 295 0.48
295 239 0.79
239 295 0.54
295 276 0.51
276 295 0.68
295 290 0.66
290 295 0.8
295 361 0.95
361 295 0.25
295 362 0.54
362 295 0.91
296 8 0.85
8 296 0.94
296 61 0.06
61 296 0.74
297 8 0.67
8 297 0.61
297 61 0.36
61 297 0.26
297 168 0.16
168 297 0.65
298 26 0.69
26 298 0.03
298 181 0.23
181 298 0.98
298 240 0.91
240 298 0.63
298 244 0.54
244 298 0.88
299 204 0.23
204 299 0.57
299 283 0.62
283 299 0.26
300 301 0.19
301 300 0.32
301 277 0.99
277 301 0.49
301 300 0.92
300 301 0.74
301 385 0.11
385 301 0.02
301 386 0.81
386 301 0.45
302 264 0.56
264 302 0.99
302 303 0.95
303 302 0.62
302 304 0.27
304 302 0.23
302 305 0.34
305 302 0.94
302 306 0.3
306 302 0.76
303 302 0.84
302 303 0.78
303 304 0.87
304 303 0.56
303 305 0.84
305 303 0.6
304 264 0.74
264 304 0.19
304 302 0.97
302 304 0.26
304 303 0.28
303 304 0.79
305 302 0.22
302 305 0.1
305 303 0.63
303 305 0.64
306 302 0.29
302 306 0.67
307 8 0.1
8 307 0.67
308 49 0.63
49 308 0.84
309 49 0.22
49 309 0.9
310 49 0.1
49 310 0.61
310 78 0.06
78 310 0.0
311 49 0.79
49 311 0.51
311 78 0.69
78 311 0.7
311 379 0.84
379 311 0.81
311 412 0.88
412 311 0.14
312 49 0.47
49 312 0.18
312 132 0.72
132 312 0.65
312 313 0.08
313 312 0.92
313 312 0.49
312 313 0.4
313 404 0.44
404 313 0.58
314 38 0.84
38 314 0.18
315 74 0.36
74 315 0.89
315 204 0.36
204 315 0.09
315 264 0.06
264 315 0.06
315 283 0.9
283 315 0.77
315 316 0.39
316 315 0.85
316 90 0.9
90 316 0.15
316 283 0.96
283 316 0.38
316 315 0.42
315 316 0.79
316 331 0.79
331 316 0.21
316 334 0.79
334 316 0.12
316 356 0.1
356 316 0.79
316 357 0.43
357 316 0.22
317 38 0.0
38 317 0.48
317 113 0.98
113 317 0.45
317 127 0.26
127 317 0.78
318 38 0.4
38 318 0.12
318 113 0.85
113 318 0.41
318 148 0.7
148 318 0.04
319 38 0.37
38 319 0.36
319 113 0.63
113 319 0.57
320 321 0.74
321 320 0.56
321 187 0.26
187 321 0.63
321 320 0.38
320 321 0.46
321 414 0.09
414 321 0.54
321 491 0.87
491 321 0.63
322 41 0.42
41 322 0.99
322 44 0.84
44 322 0.29
322 45 0.11
45 322 0.65
323 8 0.75
8 323 0.94
323 164 0.62
164 323 0.93
323 198 0.95
198 323 0.62
324 8 0.13
8 324 0.37
324 65 0.78
65 324 0.93
324 180 0.47
180 324 0.05
324 287 0.41
287 324 0.59
325 8 0.3
8 325 0.6
325 74 0.37
74 325 0.69
326 230 0.92
230 326 0.37
326 328 0.36
328 326 0.32
326 330 0.25
330 326 0.95
326 399 0.38
399 326 0.49
327 6 0.98
6 327 0.19
327 203 0.35
203 327 0.66
327 230 0.78
230 327 0.35
327 231 0.59
231 327 0.24
328 5 0.02
5 328 0.42
328 230 0.22
230 328 0.21
328 231 0.73
231 328 0.15
328 326 0.54
326 328 0.52
328 330 0.65
330 328 0.84
328 368 0.56
368 328 0.18
328 403 0.96
403 328 0.73
328 415 0.48
415 328 0.55
329 230 0.36
230 329 0.22
329 231 0.75
231 329 0.64
329 330 0.91
330 329 0.95
329 415 0.44
415 329 0.2
330 5 0.12
5 330 0.7
330 6 0.03
6 330 0.54
330 230 0.55
230 330 0.55
330 231 0.69
231 330 0.26
330 326 0.11
326 330 0.44
330 328 0.6
328 330 0.68
330 329 0.47
329 330 0.22
330 368 0.51
368 330 0.75
330 403 0.23
403 330 0.68
330 415 0.37
415 330 0.0
330 451 0.67
451 330 0.29
331 90 0.32
90 331 0.77
331 180 0.3
180 331 0.63
331 196 0.5
196 331 0.01
331 280 0.34
280 331 0.9
331 316 0.79
316 331 0.32
331 332 0.48
332 331 0.26
331 333 0.91
333 331 0.35
331 334 0.62
334 331 0.98
332 331 0.03
331 332 0.54
333 331 0.43
331 333 0.12
334 90 0.15
90 334 0.37
334 196 0.12
196 334 0.82
334 316 0.59
316 334 0.63
334 331 0.21
331 334 0.13
334 356 0.95
356 334 0.11
334 357 0.01
357 334 0.07
335 236 0.16
236 335 0.29
336 34 0.4
34 336 0.75
336 35 0.53
35 336 0.56
336 37 0.72
37 336 0.57
336 337 0.95
337 336 0.13
336 339 0.72
339 336 0.35
336 389 0.57
389 336 0.44
337 34 0.8
34 337 0.84
337 37 0.88
37 337 0.88
337 38 0.5
38 337 0.72
337 336 0.55
336 337 0.66
337 339 0.32
339 337 0.78
337 379 0.17
379 337 0.52
338 34 0.43
34 338 0.25
338 37 0.46
37 338 0.7
338 379 0.8
379 338 0.97
339 34 0.39
34 339 0.87
339 37 0.33
37 339 0.15
339 336 0.53
336 339 0.57
339 337 0.24
337 339 0.89
339 379 0.14
379 339 0.64
340 8 0.35
8 340 0.99
340 242 0.07
242 340 0.45
341 8 0.42
8 341 0.49
341 138 0.45
138 341 0.3
341 200 0.08
200 341 0.21
342 133 0.17
133 342 0.83
342 200 0.92
200 342 0.03
343 38 0.19
38 343 0.33
343 122 0.82
122 343 0.36
343 130 0.9
130 343 0.11
343 135 0.67
135 343 0.84
343 288 0.53
288 343 0.93
343 344 0.2
344 343 0.88
344 38 0.48
38 344 0.54
344 118 0.53
118 344 0.63
344 130 0.16
130 344 0.71
344 135 0.73
135 344 0.57
344 136 0.05
136 344 0.48
344 150 0.57
150 344 0.15
344 343 0.15
343 344 0.2
345 346 0.17
346 345 0.46
345 347 0.32
347 345 0.25
345 348 0.17
348 345 0.42
346 6 0.28
6 346 0.89
346 345 0.95
345 346 0.15
347 6 0.69
6 347 0.95
347 345 0.5
345 347 0.53
348 6 0.08
6 348 0.6
348 345 0.58
345 348 0.19
349 204 0.2
204 349 0.01
349 294 0.65
294 349 0.94
349 350 0.03
350 349 0.03
350 349 0.06
349 350 0.33
350 371 0.53
371 350 0.85
351 8 0.52
8 351 0.17
351 52 0.08
52 351 0.26
351 60 0.55
60 351 0.73
351 104 0.02
104 351 0.08
351 199 0.75
199 351 0.49
351 206 0.06
206 351 0.37
351 224 0.02
224 351 0.24
351 238 0.24
238 351 0.16
351 240 0.38
240 351 0.53
351 242 0.94
242 351 0.95
351 244 0.41
244 351 0.78
351 358 0.02
358 351 0.48
351 359 0.02
359 351 0.44
351 360 0.1
360 351 0.76
352 25 0.86
25 352 0.71
352 52 0.73
52 352 0.1
352 60 0.95
60 352 0.37
352 104 0.59
104 352 0.0
352 199 0.23
199 352 0.26
352 206 0.37
206 352 0.82
352 224 0.94
224 352 0.94
352 238 0.08
238 352 0.01
352 244 0.09
244 352 0.67
352 358 0.17
358 352 0.67
352 359 0.84
359 352 0.99
352 360 0.43
360 352 0.78
353 8 0.05
8 353 0.61
353 55 0.65
55 353 0.25
353 59 0.54
59 353 0.39
353 107 0.49
107 353 0.31
353 240 0.03
240 353 0.84
353 390 0.09
390 353 0.47
354 196 0.22
196 354 0.14
354 355 0.26
355 354 0.77
355 90 0.14
90 355 0.18
355 354 0.31
354 355 0.56
356 8 0.98
8 356 0.58
356 11 0.1
11 356 0.25
356 90 0.17
90 356 0.1
356 316 0.67
316 356 0.51
356 334 0.96
334 356 0.76
356 357 0.17
357 356 0.46
356 447 0.17
447 356 0.05
357 316 0.07
316 357 0.84
357 334 0.14
334 357 0.11
357 356 0.71
356 357 0.53
357 436 0.42
436 357 0.5
358 8 0.96
8 358 0.56
358 9 0.0
9 358 0.97
358 142 0.42
142 358 0.03
358 143 0.34
143 358 0.46
358 180 0.85
180 358 0.78
358 237 0.26
237 358 0.4
358 351 0.34
351 358 0.98
358 352 0.82
352 358 0.2
358 359 0.79
359 358 0.25
358 456 0.36
456 358 0.28
359 8 0.19
8 359 0.39
359 84 0.84
84 359 0.57
359 351 0.15
351 359 0.81
359 352 0.2
352 359 0.44
359 358 0.34
358 359 0.11
359 456 0.36
456 359 0.54
359 466 0.59
466 359 0.07
360 351 0.03
351 360 0.46
360 352 0.31
352 360 0.32
361 93 0.29
93 361 0.47
361 295 0.11
295 361 0.06
362 63 1.0
63 362 0.03
362 206 0.26
206 362 0.36
362 295 0.76
295 362 0.74
363 245 0.39
245 363 0.0
364 53 0.9
53 364 0.55
364 178 0.22
178 364 0.67
365 8 0.31
8 365 0.32
365 89 0.72
89 365 0.15
366 8 0.95
8 366 0.56
366 9 0.17
9 366 0.42
366 89 0.34
89 366 0.08
366 90 0.46
90 366 0.01
366 91 0.65
91 366 0.27
367 74 0.59
74 367 0.59
367 169 0.68
169 367 0.78
367 204 0.74
204 367 0.0
367 264 0.58
264 367 0.94
368 1 0.03
1 368 0.07
368 6 0.16
6 368 0.23
368 231 0.28
231 368 0.96
368 328 0.89
328 368 0.16
368 330 0.87
330 368 0.5
369 17 0.31
17 369 0.09
369 111 0.5
111 369 0.7
369 169 0.79
169 369 0.5
369 247 0.64
247 369 0.99
369 391 0.72
391 369 0.86
369 416 0.16
416 369 0.26
369 419 0.75
419 369 0.6
369 458 0.3
458 369 0.97
370 169 0.88
169 370 0.23
370 247 0.49
247 370 0.97
371 350 0.43
350 371 0.23
372 226 0.06
226 372 0.88
373 38 0.47
38 373 0.01
373 107 0.07
107 373 0.55
373 154 0.7
154 373 0.81
373 240 0.81
240 373 0.1
374 107 0.33
107 374 0.72
374 485 0.32
485 374 0.39
375 8 0.25
8 375 0.38
376 74 0.63
74 376 0.59
376 259 0.96
259 376 0.96
376 377 0.14
377 376 0.8
377 259 0.09
259 377 0.47
377 376 0.86
376 377 0.69
378 35 0.76
35 378 0.66
379 37 0.3
37 379 0.08
379 148 0.73
148 379 0.08
379 311 0.17
311 379 0.53
379 337 0.27
337 379 0.76
379 338 0.7
338 379 0.56
379 339 0.33
339 379 0.3
379 388 0.63
388 379 0.92
379 389 0.74
389 379 0.42
380 74 0.28
74 380 0.95
380 148 0.26
148 380 0.21
381 8 0.09
8 381 0.05
381 9 0.35
9 381 0.87
381 11 0.65
11 381 0.95
381 88 0.89
88 381 0.76
381 141 0.52
141 381 0.18
382 183 0.95
183 382 0.75
383 20 0.79
20 383 0.23
384 225 0.02
225 384 0.05
385 6 0.16
6 385 0.66
385 53 0.25
53 385 0.97
385 63 0.97
63 385 0.29
385 108 0.91
108 385 0.37
385 141 0.6
141 385 0.45
385 225 0.58
225 385 0.44
385 301 0.87
301 385 0.68
385 408 0.68
408 385 0.45
386 6 0.18
6 386 0.21
386 53 0.4
53 386 0.58
386 63 0.57
63 386 0.73
386 108 0.44
108 386 0.97
386 141 0.23
141 386 0.34
386 225 0.41
225 386 0.56
386 301 0.18
301 386 0.78
386 408 0.2
408 386 0.62
387 50 0.25
50 387 0.3
388 379 0.81
379 388 0.55
389 37 0.19
37 389 0.75
389 336 0.46
336 389 0.93
389 379 0.72
379 389 0.27
390 180 0.24
180 390 0.76
390 244 0.7
244 390 0.76
390 353 0.12
353 390 0.61
391 8 0.09
8 391 0.98
391 77 0.03
77 391 0.25
391 164 0.11
164 391 0.82
391 369 0.32
369 391 0.66
392 8 0.7
8 392 0.62
392 11 0.55
11 392 0.06
393 11 0.65
11 393 0.35
393 244 0.31
244 393 0.07
393 447 0.05
447 393 0.79
394 15 0.86
15 394 0.83
394 20 0.41
20 394 0.27
394 22 0.0
22 394 0.52
395 101 0.96
101 395 0.88
396 76 0.53
76 396 0.72
397 38 0.52
38 397 0.24
397 135 0.79
135 397 0.54
397 159 0.18
159 397 0.46
398 208 0.47
208 398 0.31
398 260 0.04
260 398 0.98
398 261 0.34
261 398 0.56
399 326 0.45
326 399 0.55
399 400 0.74
400 399 0.46
400 399 0.7
399 400 0.02
400 404 0.92
404 400 0.51
401 138 0.06
138 401 0.41
402 5 0.55
5 402 0.9
402 403 0.38
403 402 0.64
402 404 0.84
404 402 0.18
403 1 0.64
1 403 0.3
403 6 0.68
6 403 0.93
403 328 0.64
328 403 0.93
403 330 0.6
330 403 0.8
403 402 0.37
402 403 0.23
404 313 0.95
313 404 0.46
404 400 0.78
400 404 0.25
404 402 0.51
402 404 0.26
405 38 0.77
38 405 0.31
405 406 0.05
406 405 0.94
405 407 0.41
407 405 0.26
406 38 0.98
38 406 0.27
406 405 0.4
405 406 0.79
407 38 0.98
38 407 0.15
407 122 0.91
122 407 0.65
407 135 0.96
135 407 0.3
407 405 0.44
405 407 0.26
408 8 0.43
8 408 0.19
408 9 0.29
9 408 0.83
408 385 0.63
385 408 0.29
408 386 0.34
386 408 0.52
409 12 0.32
12 409 0.17
409 410 0.33
410 409 0.59
410 12 0.6
12 410 0.72
410 409 0.51
409 410 0.85
411 262 0.72
262 411 0.15
412 311 0.11
311 412 0.18
413 183 0.91
183 413 0.65
413 240 0.77
240 413 0.64
414 321 0.43
321 414 0.5
415 5 0.71
5 415 0.98
415 6 0.61
6 415 0.83
415 328 0.92
328 415 0.46
415 329 0.07
329 415 0.12
415 330 0.94
330 415 0.59
416 168 0.4
168 416 0.01
416 369 0.38
369 416 0.41
416 419 0.51
419 416 0.2
417 168 0.41
168 417 0.69
418 168 0.49
168 418 0.49
418 486 0.43
486 418 0.88
419 17 0.21
17 419 0.87
419 168 0.97
168 419 0.19
419 369 0.56
369 419 0.04
419 416 0.37
416 419 0.4
420 74 0.81
74 420 0.88
420 204 0.0
204 420 0.87
420 241 0.21
241 420 0.61
420 267 0.44
267 420 0.38
420 282 0.83
282 420 0.31
420 283 0.08
283 420 0.2
420 421 0.35
421 420 0.59
421 420 0.26
420 421 0.74
422 8 0.19
8 422 0.56
422 9 0.15
9 422 0.85
422 25 0.89
25 422 0.71
422 65 0.8
65 422 0.85
422 228 0.17
228 422 0.5
422 266 0.09
266 422 0.62
422 285 0.43
285 422 0.16
422 467 0.02
467 422 0.33
422 484 0.09
484 422 0.2
423 25 0.61
25 423 0.94
424 25 0.88
25 424 0.51
424 179 0.74
179 424 0.57
425 25 0.61
25 425 0.98
425 181 0.98
181 425 0.66
426 65 0.18
65 426 0.02
426 208 0.89
208 426 0.95
426 257 0.3
257 426 0.23
427 8 0.3
8 427 0.01
427 65 0.13
65 427 0.12
428 65 0.52
65 428 0.89
429 4 0.4
4 429 0.96
429 8 0.65
8 429 0.83
429 9 0.76
9 429 0.45
429 58 0.47
58 429 0.69
429 65 0.9
65 429 0.52
429 245 0.9
245 429 0.39
429 290 0.48
290 429 0.54
430 65 0.6
65 430 0.02
430 180 0.04
180 430 0.72
430 205 0.16
205 430 0.44
430 207 0.67
207 430 0.6
430 287 0.5
287 430 0.46
431 8 0.51
8 431 0.26
432 78 0.83
78 432 0.71
433 201 0.99
201 433 0.9
434 8 0.05
8 434 0.5
434 257 0.03
257 434 0.85
435 183 0.86
183 435 0.09
436 357 0.94
357 436 0.42
437 38 0.02
38 437 0.23
438 4 0.93
4 438 0.72
438 8 0.97
8 438 0.94
438 448 0.9
448 438 0.77
439 8 0.01
8 439 0.13
439 201 0.89
201 439 0.63
440 8 0.48
8 440 0.58
440 180 0.58
180 440 0.33
441 8 0.46
8 441 0.25
441 91 0.09
91 441 0.85
442 8 0.43
8 442 0.75
443 8 0.38
8 443 0.79
444 8 0.31
8 444 0.8
444 214 0.28
214 444 0.3
445 8 0.3
8 445 0.65
446 8 0.89
8 446 0.66
447 356 0.68
356 447 0.11
447 393 0.12
393 447 1.0
448 438 0.5
438 448 0.76
449 20 0.62
20 449 0.6
450 1 0.13
1 450 0.59
451 1 0.99
1 451 0.02
451 5 0.58
5 451 0.18
451 6 0.38
6 451 0.23
451 231 0.86
231 451 0.95
451 330 0.73
330 451 0.11
452 293 0.8
293 452 0.63
453 74 0.24
74 453 0.83
453 270 0.36
270 453 0.23
453 293 0.74
293 453 0.09
453 454 0.66
454 453 0.81
454 74 0.47
74 454 0.55
454 270 0.05
270 454 0.6
454 293 0.36
293 454 0.39
454 453 0.24
453 454 0.16
455 244 0.79
244 455 0.35
456 84 0.7
84 456 0.2
456 358 0.44
358 456 0.11
456 359 0.73
359 456 0.02
456 457 0.35
457 456 0.2
457 456 0.8
456 457 0.46
458 369 0.19
369 458 0.91
458 459 0.06
459 458 0.31
459 64 0.43
64 459 0.48
459 458 0.89
458 459 0.5
459 490 0.51
490 459 0.27
460 30 0.29
30 460 0.2
460 32 0.98
32 460 0.94
460 144 0.86
144 460 0.51
461 53 0.63
53 461 0.58
462 38 0.18
38 462 0.63
462 122 0.72
122 462 1.0
462 124 0.74
124 462 0.88
462 131 0.81
131 462 0.36
462 135 0.44
135 462 0.5
462 288 0.54
288 462 0.42
463 38 0.39
38 463 0.47
463 122 0.21
122 463 0.51
463 137 0.82
137 463 0.56
463 288 0.78
288 463 0.94
464 38 0.36
38 464 0.71
464 121 0.98
121 464 0.89
464 122 0.13
122 464 0.17
464 135 0.11
135 464 0.18
464 152 0.04
152 464 0.56
464 288 0.92
288 464 0.29
465 38 0.7
38 465 0.8
465 154 0.85
154 465 0.61
466 180 0.91
180 466 0.4
466 206 0.29
206 466 0.62
466 359 0.89
359 466 0.36
467 20 0.2
20 467 0.07
467 422 0.94
422 467 0.19
468 144 0.73
144 468 0.19
469 50 0.67
50 469 0.27
470 60 0.06
60 470 0.41
471 231 0.76
231 471 0.46
472 12 0.4
12 472 0.13
473 111 0.2
111 473 0.24
474 182 0.28
182 474 0.73
475 64 0.08
64 475 0.35
476 74 0.28
74 476 0.36
477 196 0.52
196 477 0.89
478 181 0.68
181 478 0.16
478 479 0.68
479 478 0.53
479 478 0.55
478 479 0.62
480 157 0.86
157 480 0.2
481 76 0.89
76 481 0.55
482 88 0.75
88 482 0.24
483 135 0.35
135 483 0.7
484 422 0.82
422 484 0.44
485 374 0.59
374 485 0.94
486 418 0.11
418 486 0.24
487 226 0.74
226 487 0.78
488 38 0.35
38 488 0.61
488 154 0.74
154 488 0.42
489 38 0.41
38 489 0.37
489 135 0.8
135 489 0.92
490 459 0.96
459 490 0.78
491 321 0.62
321 491 0.34
492 38 0.04
38 492 0.44
492 122 0.14
122 492 0.98
492 135 0.79
135 492 0.38
493 74 0.36
74 493 0.42
494 218 0.96
218 494 0.44
495 82 0.3
82 495 0.34
496 38 0.03
38 496 0.74
497 135 0.26
135 497 0.7
498 135 0.19
135 498 0.12
499 135 0.76
135 499 0.99
