0 1 0.87
0 2 0.96
0 3 0.38
0 4 0.4
0 5 0.9
0 6 0.43
1 3 0.96
1 4 0.17
1 16 0.59
2 0 0.56
2 3 0.58
2 18 0.96
2 23 0.06
3 4 0.19
3 5 0.92
3 6 0.46
3 18 0.19
3 24 0.69
3 36 0.62
4 3 0.42
4 18 0.75
4 22 0.45
4 24 0.88
4 36 0.13
5 6 0.06
5 24 0.2
5 25 0.41
5 40 0.25
5 42 0.8
5 43 0.57
5 58 0.53
5 59 0.96
6 5 0.03
6 30 0.89
6 31 0.01
6 58 0.58
6 59 0.88
7 3 0.68
7 4 0.9
7 18 0.81
7 23 0.7
7 24 0.23
7 25 0.33
8 9 0.07
8 10 0.38
8 11 0.92
8 12 0.38
8 13 0.3
8 14 0.65
9 8 0.84
9 10 0.84
9 12 0.87
9 27 0.66
9 28 0.74
9 29 0.11
9 30 0.66
9 31 0.55
10 11 0.94
10 13 0.66
10 32 0.64
10 33 0.89
10 34 0.78
11 9 0.27
11 10 0.72
11 12 0.42
12 7 0.66
12 8 0.07
12 9 0.26
12 10 0.04
12 11 0.99
12 14 0.99
12 23 0.72
12 35 0.21
13 27 0.06
13 28 0.52
13 32 0.89
13 34 0.63
14 8 0.24
14 12 0.29
14 13 0.32
15 4 0.25
15 16 0.88
15 17 0.07
15 18 0.2
15 19 0.33
15 20 0.12
16 3 0.69
16 4 0.18
16 14 0.87
16 15 0.44
16 17 0.62
16 18 0.42
17 0 0.16
17 4 0.26
17 16 0.35
17 20 0.9
17 21 0.18
18 3 0.82
18 4 0.15
18 7 0.33
18 12 0.74
18 15 0.24
18 23 0.92
18 36 0.87
19 16 0.41
19 27 0.16
19 28 0.27
19 36 0.39
19 49 0.53
20 1 0.63
20 16 0.77
20 17 0.29
20 22 0.49
21 3 0.22
21 16 0.57
21 17 0.31
22 4 0.83
22 36 0.07
22 50 0.35
23 3 0.23
23 4 0.99
23 18 0.96
24 3 0.37
24 4 0.61
24 5 0.99
24 6 0.29
24 25 0.33
24 52 0.7
24 58 0.19
25 40 0.51
25 42 0.03
25 43 0.44
25 63 0.6
25 64 0.07
26 11 0.19
26 12 0.86
27 13 0.39
27 28 0.41
27 32 0.76
27 49 0.6
28 13 0.08
28 19 0.71
28 32 0.2
28 34 0.09
28 49 0.42
29 30 0.01
29 31 0.9
29 34 0.81
29 37 0.53
29 57 0.39
30 6 0.71
30 29 0.71
30 31 0.57
30 34 0.82
30 52 0.58
30 57 0.83
30 59 0.65
31 6 0.14
31 25 0.41
31 29 0.92
31 30 0.7
31 40 0.75
32 10 0.59
32 13 0.61
32 27 0.21
32 28 0.22
32 34 0.47
33 25 0.23
33 39 0.5
33 41 0.58
34 25 0.83
34 33 0.21
34 41 0.69
34 43 0.48
34 53 0.63
34 66 0.62
35 11 0.25
35 13 0.31
35 14 0.77
35 38 0.19
35 48 0.05
35 51 0.48
36 3 0.89
36 4 0.6
36 6 0.98
36 22 0.22
36 24 0.97
36 50 0.14
37 13 0.98
37 29 0.49
37 30 0.93
37 31 0.9
37 33 0.5
37 34 0.37
37 38 0.78
37 39 0.83
37 40 0.82
37 41 0.4
37 42 0.5
37 43 0.03
38 35 0.92
38 45 0.43
38 48 0.37
38 51 0.17
39 25 0.19
39 33 0.33
39 41 0.74
39 43 0.75
39 65 0.77
39 66 0.9
40 25 0.81
40 42 0.26
40 43 0.34
40 63 0.39
40 64 0.69
41 25 0.79
41 33 0.58
41 34 0.92
41 39 0.61
41 43 0.02
41 63 0.61
42 40 0.92
42 43 0.32
42 62 0.8
42 63 0.63
42 64 0.65
43 25 0.98
43 33 0.03
43 40 0.67
43 42 0.28
43 61 0.19
43 62 0.14
43 63 0.97
43 64 0.18
44 28 0.13
44 32 0.54
44 38 0.05
44 45 0.62
44 46 0.12
44 47 0.92
44 48 0.1
44 49 0.71
44 50 0.76
45 48 0.79
45 51 0.73
45 52 0.16
46 13 0.62
46 19 0.72
46 27 0.91
46 33 0.55
46 36 0.58
46 44 0.91
46 49 0.82
46 50 0.75
47 50 0.65
47 54 0.61
48 45 0.7
48 52 0.09
49 13 0.7
49 19 1.0
49 27 0.86
49 28 0.25
49 32 0.67
49 46 0.06
50 19 0.92
50 22 0.31
50 25 0.17
50 36 0.3
50 47 0.49
50 54 0.3
50 55 0.37
51 35 0.0
51 38 0.11
51 45 0.08
51 53 0.53
52 5 0.18
52 6 0.02
52 24 0.28
52 29 0.46
52 30 0.61
52 31 0.6
52 45 0.04
52 58 0.71
52 59 0.72
53 26 0.05
53 29 0.34
53 37 0.4
53 38 0.66
53 51 0.68
54 5 0.49
54 6 0.05
54 24 0.45
54 47 0.32
54 50 0.37
54 55 0.98
54 59 0.44
55 5 0.74
55 6 0.64
55 34 0.06
55 50 0.63
55 52 0.4
55 59 0.24
55 61 0.72
56 29 0.94
56 57 0.56
57 30 0.63
57 31 0.74
57 52 0.13
57 56 0.67
58 5 0.55
58 6 0.26
58 24 0.13
58 25 0.18
58 59 0.23
58 60 0.38
59 5 0.33
59 6 0.35
59 24 0.75
59 25 0.43
59 30 0.28
59 31 0.78
59 43 0.51
59 57 0.57
60 6 0.64
60 24 0.01
60 25 0.3
60 43 0.96
60 58 0.8
60 59 0.29
60 64 0.95
61 25 0.92
61 33 0.57
61 34 0.34
61 43 0.31
61 62 0.14
61 63 0.04
62 25 0.68
62 42 0.67
62 43 0.74
62 63 0.26
62 64 0.05
63 25 0.76
63 39 0.97
63 40 0.77
63 42 0.13
63 43 0.56
63 62 0.11
63 64 0.2
64 25 0.15
64 40 0.25
64 42 0.68
64 43 0.68
64 62 0.54
64 63 0.26
65 41 0.54
65 66 0.83
66 41 0.68
66 64 0.6
66 65 0.71
