0 1 0.36
0 2 0.51
0 3 0.84
0 4 0.84
0 5 0.8
0 6 0.35
0 71 0.73
1 9 0.78
1 10 0.62
1 38 0.61
1 39 0.49
1 40 0.86
1 41 0.62
1 109 0.21
2 8 0.39
2 10 0.7
2 40 0.09
2 41 0.08
2 66 0.36
2 90 0.67
2 100 0.45
2 111 0.38
3 4 0.49
3 5 0.68
3 21 0.21
3 31 0.06
3 45 0.07
3 54 0.4
3 58 0.91
3 73 0.54
3 103 0.17
3 108 0.58
3 115 0.16
4 5 0.09
4 7 0.5
4 8 0.89
4 37 0.08
4 38 0.68
4 44 0.5
4 65 0.48
4 68 0.77
4 84 0.04
4 88 0.14
4 90 0.74
5 30 0.96
5 31 0.38
5 108 0.45
6 101 0.8
7 8 0.35
7 9 0.82
7 10 0.87
7 11 0.1
8 9 0.34
8 10 0.38
8 39 0.76
8 40 0.39
8 52 0.69
8 65 0.71
8 68 0.83
8 69 0.31
8 81 0.96
8 84 0.37
8 88 0.83
9 37 0.26
9 44 0.37
9 53 0.75
9 66 0.45
9 69 0.37
9 76 0.38
9 82 0.02
9 88 0.33
9 90 0.27
9 93 0.02
9 101 0.73
9 107 0.98
10 11 0.95
10 14 0.92
10 27 0.13
10 38 0.39
10 39 0.8
10 42 0.22
10 64 0.69
10 78 0.57
10 86 0.55
10 88 0.8
10 92 0.33
10 93 0.92
11 14 0.01
11 18 0.52
11 27 0.85
11 38 0.37
11 39 0.3
11 46 0.93
11 65 0.19
11 66 0.57
11 68 0.4
11 72 0.25
11 74 0.27
11 96 0.76
11 99 0.62
11 107 0.03
12 13 0.87
12 14 0.2
12 15 0.53
12 16 0.59
12 17 0.46
12 18 0.01
12 21 0.02
12 29 0.05
12 42 0.45
12 46 0.74
12 58 0.54
12 64 0.7
12 73 0.86
12 85 0.82
12 91 0.75
13 14 0.16
13 16 0.99
13 17 0.37
13 50 0.9
13 55 0.75
13 56 0.35
13 73 0.4
13 74 0.84
13 100 0.88
14 15 0.25
14 17 0.07
14 21 0.54
14 22 0.22
14 28 0.9
14 32 0.13
14 33 0.7
14 36 0.07
14 39 0.42
14 42 0.52
14 48 0.09
14 53 0.46
14 58 0.75
14 59 0.49
14 61 0.0
14 64 0.19
14 73 0.82
14 79 0.76
14 80 0.52
14 82 0.39
14 95 0.27
14 114 0.56
15 16 0.41
15 18 0.99
15 21 0.83
15 26 0.94
15 28 0.39
15 33 0.45
15 46 0.3
15 48 0.76
15 59 0.72
15 62 0.6
15 91 0.51
15 95 0.89
16 18 0.13
16 21 0.31
16 46 0.51
16 63 0.51
16 73 0.54
16 83 0.78
17 27 0.01
17 34 0.31
17 55 0.05
17 64 0.43
17 73 0.84
17 85 0.78
18 35 0.76
18 62 0.5
18 74 0.21
18 96 0.52
19 20 0.62
19 21 0.73
19 22 0.16
19 23 0.41
19 24 0.87
19 94 0.34
19 111 0.15
19 116 0.53
20 22 0.97
20 24 0.0
20 35 0.76
20 36 0.14
20 37 0.39
20 94 0.31
20 116 0.36
21 22 0.67
21 91 0.02
22 24 0.86
22 28 0.5
22 32 0.59
22 33 0.53
22 36 0.42
22 39 0.0
22 50 0.61
22 53 0.86
22 62 0.69
22 79 0.08
22 101 0.8
22 110 0.27
22 114 0.08
23 31 0.26
23 34 0.87
23 38 0.38
23 74 0.31
23 80 0.76
23 89 0.43
23 91 0.9
23 92 0.22
24 26 0.07
24 36 0.32
24 40 0.16
24 92 0.22
24 94 0.73
24 97 0.55
24 110 0.64
24 111 0.04
24 116 0.61
25 26 0.12
25 27 0.01
25 28 0.57
25 29 0.74
25 30 0.5
25 31 0.4
25 32 0.17
25 47 0.75
25 61 0.31
25 108 0.7
26 29 0.91
26 45 0.48
26 53 0.58
26 54 0.51
27 30 0.24
27 31 0.74
27 32 0.94
27 43 0.75
27 70 0.28
27 99 0.93
28 33 0.21
28 47 0.43
28 52 0.74
28 56 0.3
28 62 0.5
28 103 0.42
28 104 0.0
28 105 0.01
28 112 0.3
29 54 0.82
29 83 0.64
29 98 0.12
29 99 0.98
29 103 0.85
30 40 0.74
30 47 0.04
30 48 0.04
30 59 0.71
30 99 0.3
30 108 0.07
31 46 0.67
31 54 0.83
31 91 0.93
31 92 0.19
32 33 0.64
32 34 0.76
32 59 0.71
32 108 0.04
33 34 0.63
34 73 0.22
34 91 0.57
34 97 0.54
34 99 0.49
34 104 0.57
34 108 0.07
35 42 0.73
35 43 0.75
35 44 0.28
35 46 0.22
35 62 0.93
35 75 0.47
35 77 0.08
35 78 0.67
35 105 0.7
36 39 0.3
36 53 0.56
37 57 0.44
37 68 0.04
37 76 0.85
37 77 0.45
37 85 0.28
37 100 0.13
38 77 0.4
39 53 0.8
39 65 0.3
39 68 0.54
39 70 0.75
39 72 0.04
39 74 0.99
39 84 0.55
39 88 0.89
39 93 0.81
39 101 0.14
40 67 0.86
40 68 0.81
40 69 0.25
40 93 0.06
40 102 0.23
40 108 0.37
41 57 0.64
41 66 0.67
41 71 0.09
41 73 0.43
41 82 0.93
41 102 0.64
41 109 0.35
42 43 0.96
42 44 0.02
42 45 0.79
42 46 0.79
43 45 0.64
43 47 0.79
43 63 0.37
43 75 0.01
44 46 0.85
44 62 0.79
44 71 0.37
44 75 0.04
44 76 0.86
44 79 0.01
44 92 0.79
45 54 0.63
45 59 0.48
45 81 0.22
45 83 0.54
45 86 0.02
46 63 0.68
46 78 0.06
46 96 0.19
47 48 0.39
47 49 0.46
47 50 0.72
47 51 0.59
47 115 0.71
48 67 0.67
48 99 0.86
48 102 0.19
49 88 0.17
50 62 0.19
50 72 0.3
50 103 0.51
50 113 0.66
51 62 0.81
51 115 0.62
52 62 0.24
52 67 0.67
52 77 0.56
52 83 0.69
52 88 0.91
53 70 0.98
53 72 0.8
53 73 0.9
53 95 0.07
53 104 0.73
53 114 0.22
54 83 0.18
54 85 0.98
54 86 0.11
54 91 0.94
54 93 0.63
54 98 0.78
55 56 0.99
55 57 0.73
56 67 0.12
56 73 0.97
56 100 0.15
57 87 0.41
57 90 0.63
57 98 0.97
57 103 0.53
57 109 0.64
58 59 0.0
58 60 0.32
59 73 0.9
59 112 0.58
59 113 0.66
60 86 0.9
61 62 0.95
61 63 0.38
62 74 0.96
62 80 0.59
62 85 0.27
65 66 0.05
66 71 0.92
66 88 0.72
66 97 0.02
66 102 0.65
67 68 0.38
67 69 0.55
68 72 0.64
68 78 0.52
68 86 0.25
68 92 0.24
68 97 0.96
68 100 0.06
68 108 0.14
68 110 0.27
70 71 0.95
70 72 0.62
71 72 0.46
71 77 0.78
71 102 0.4
72 83 0.54
72 98 0.4
73 86 0.62
73 96 0.31
73 99 0.1
73 100 0.82
73 105 0.53
73 107 0.72
73 115 0.25
74 76 0.7
74 79 0.56
74 88 0.63
74 102 0.62
75 77 0.28
76 80 0.28
76 88 0.05
77 84 0.66
77 85 0.14
77 86 0.49
77 87 0.17
78 96 0.6
80 81 0.99
81 82 0.4
81 83 0.03
81 84 0.74
82 90 0.96
83 86 0.67
83 98 0.49
83 106 0.23
85 105 0.06
86 100 0.37
86 104 0.24
86 106 0.88
88 89 0.95
90 93 0.46
90 97 0.01
91 106 0.02
91 107 0.42
92 111 0.07
92 112 0.53
93 97 0.71
93 101 0.81
94 116 0.6
96 97 0.37
96 99 0.2
96 105 0.83
97 102 0.16
97 110 0.51
100 101 0.56
101 111 0.08
106 107 0.12
