0 1 0.16
0 2 0.08
0 3 0.28
0 4 0.44
0 5 0.47
0 6 0.01
0 7 0.4
0 8 0.38
0 9 0.43
0 10 0.97
1 2 0.08
1 3 0.95
1 5 0.51
1 9 0.11
2 3 0.64
2 5 0.63
2 9 0.56
3 5 0.62
3 9 0.1
4 6 0.22
4 7 0.46
4 8 0.18
4 9 0.03
4 10 0.3
4 17 0.18
5 9 0.49
6 7 0.64
6 8 0.27
6 9 0.54
6 10 0.95
7 8 0.58
7 9 0.83
7 10 0.73
7 16 0.4
7 17 0.62
8 9 0.74
8 10 0.61
8 16 0.38
8 17 0.18
9 10 0.85
9 15 0.69
9 35 0.36
9 36 0.25
9 45 0.27
9 66 0.77
10 16 0.17
10 17 0.92
11 12 0.17
11 13 0.89
11 14 0.17
11 15 0.25
12 13 0.03
12 15 0.4
13 32 0.17
13 37 0.16
13 38 0.5
13 41 0.8
13 44 0.39
13 122 0.96
13 137 0.26
14 160 0.3
14 161 0.75
14 162 0.74
15 33 0.53
15 35 0.81
15 36 0.77
15 39 0.54
15 42 0.48
15 45 0.17
15 66 0.47
16 17 0.1
18 19 0.29
18 20 0.67
18 21 0.35
18 22 0.02
18 23 0.66
18 24 0.36
18 25 0.35
19 21 0.0
19 23 0.77
19 24 0.32
19 25 0.81
20 22 0.12
21 23 0.34
21 24 0.7
21 25 0.4
22 159 0.84
23 24 0.34
23 25 0.47
23 141 0.98
24 25 0.55
26 27 0.63
26 28 0.27
26 29 0.9
26 30 0.17
26 31 0.51
27 28 0.28
27 29 0.51
27 30 0.39
27 31 0.59
27 98 0.78
27 143 0.79
27 144 0.22
28 29 0.73
28 30 0.78
28 31 0.47
29 30 0.9
29 31 0.37
30 31 0.05
30 157 0.65
30 158 0.15
31 128 0.08
31 144 0.62
31 158 0.54
31 163 0.34
31 164 0.42
31 165 0.9
31 166 0.92
32 33 0.4
32 34 0.72
32 35 0.8
32 36 0.04
32 37 0.17
32 38 0.29
32 39 0.35
32 40 0.22
32 41 0.4
32 42 0.77
32 43 0.16
32 44 0.76
32 45 0.73
33 35 0.56
33 36 0.95
33 39 0.63
33 42 0.58
33 45 0.7
34 38 0.02
34 40 0.19
34 43 0.89
34 44 0.47
34 49 0.42
34 129 0.87
34 130 0.74
34 131 0.52
35 36 0.13
35 39 0.76
35 42 0.28
35 45 0.52
35 66 0.63
36 39 0.28
36 42 0.05
36 45 0.97
36 66 0.2
37 38 0.04
37 41 0.51
37 43 0.92
37 44 0.12
37 49 0.92
37 117 0.01
37 140 0.94
38 41 0.12
38 43 0.78
38 44 0.88
38 129 0.14
38 130 0.07
39 42 0.51
39 45 0.69
40 43 0.19
41 44 0.54
42 45 0.06
43 44 0.23
43 49 0.74
43 129 0.0
43 130 0.26
43 140 0.1
44 129 0.59
44 130 0.76
45 66 0.74
46 47 0.51
46 48 0.78
46 49 0.04
47 48 0.14
47 111 0.67
47 117 0.76
47 118 0.83
47 119 0.19
47 120 0.44
47 121 0.5
47 122 0.92
49 131 0.62
49 139 0.47
49 140 0.57
50 51 0.34
50 52 0.88
50 53 0.29
50 54 0.13
50 55 0.16
50 56 0.24
50 57 0.24
50 58 0.1
50 59 0.17
50 60 0.57
50 61 0.27
50 62 0.96
51 52 0.29
51 53 0.84
51 56 0.71
51 58 0.83
51 59 0.03
51 60 0.17
51 61 0.85
51 63 0.46
51 64 0.64
51 65 0.85
52 53 0.68
52 56 0.5
52 58 0.1
52 59 0.42
52 60 0.99
52 61 0.23
52 63 0.73
52 64 0.94
52 65 0.77
53 56 0.83
53 58 0.73
53 59 0.8
53 60 0.81
53 61 0.81
54 55 0.28
54 62 0.19
54 63 0.1
54 64 0.1
54 87 0.27
54 97 0.49
54 98 0.47
54 170 0.81
55 62 0.35
56 57 0.76
56 58 0.54
56 59 0.11
56 60 0.78
56 61 0.29
57 58 0.16
57 60 0.19
57 61 0.87
57 134 0.85
57 146 0.71
57 150 0.58
57 151 0.96
58 59 0.04
58 60 0.75
58 61 0.69
59 61 0.09
59 63 0.34
59 64 0.41
59 65 0.9
60 61 0.65
60 108 0.24
60 156 0.26
63 64 0.07
63 65 0.1
63 87 0.64
64 65 0.79
64 87 0.78
64 97 0.66
64 98 0.38
67 68 0.99
67 69 0.86
67 70 0.71
67 71 0.16
67 72 0.28
67 73 0.66
68 69 0.94
68 70 0.84
68 71 0.07
68 72 0.41
68 73 0.73
68 74 0.2
68 75 0.21
69 70 0.08
69 71 0.56
69 72 0.15
69 73 0.09
69 74 0.28
69 75 0.54
70 71 0.91
70 72 0.52
70 73 0.07
70 74 0.15
70 75 0.81
71 72 0.98
71 73 0.1
71 74 0.0
71 75 0.25
71 79 0.35
71 89 0.5
71 90 0.33
71 91 0.14
71 159 0.61
71 167 0.57
72 73 0.19
72 74 0.79
72 75 0.44
73 74 0.69
73 75 0.56
74 75 0.5
76 77 0.67
76 78 0.87
76 79 0.41
77 78 0.72
77 79 0.79
77 126 0.81
77 132 0.2
77 133 0.17
77 134 0.17
77 146 0.94
77 147 0.44
77 148 0.65
77 149 0.64
77 150 1.0
78 79 0.99
78 133 0.39
78 136 0.74
79 89 0.59
79 90 0.63
79 91 0.51
80 81 0.68
80 82 0.1
80 83 0.42
80 84 0.61
80 85 0.59
80 86 0.78
81 82 0.98
81 83 0.22
81 84 0.88
81 85 0.68
81 86 0.4
82 83 0.64
82 84 0.88
82 85 0.08
82 86 0.95
82 87 0.35
82 88 0.61
83 84 0.48
83 85 0.42
83 86 0.89
84 85 0.54
84 86 0.52
85 86 0.43
85 104 0.35
85 105 0.9
85 106 0.59
85 107 0.01
85 108 0.79
85 109 0.26
85 152 0.57
86 87 0.16
86 88 0.06
86 108 0.33
86 152 0.03
87 88 0.5
87 142 0.88
89 90 0.5
89 91 0.34
90 91 0.05
90 159 0.3
90 167 0.98
92 93 0.87
92 94 0.48
92 95 0.8
92 96 0.92
93 94 0.08
93 95 0.89
93 96 0.3
93 123 0.11
93 124 0.42
93 127 0.75
93 128 0.33
94 95 0.41
94 96 0.29
95 96 0.56
95 123 0.75
95 124 0.52
95 126 0.8
95 127 0.46
95 128 0.78
95 153 0.84
97 98 0.47
98 111 0.8
98 143 0.47
98 144 0.83
98 168 0.96
99 100 0.44
99 101 0.22
99 102 0.96
99 103 0.83
100 101 0.35
100 102 0.92
100 145 0.47
101 102 0.24
101 103 0.28
102 104 0.73
102 108 0.81
104 105 0.26
104 106 0.94
104 107 0.38
104 108 0.94
104 109 0.14
105 106 0.05
105 107 0.68
105 109 0.15
105 152 0.86
106 107 0.14
106 109 0.33
106 152 0.15
107 109 0.53
108 152 0.89
108 156 0.96
109 152 0.39
110 111 0.76
111 117 0.71
111 118 0.68
111 119 0.53
111 122 0.74
111 168 0.49
112 113 0.41
112 114 0.35
112 115 0.43
112 116 0.95
113 115 0.49
113 116 0.12
113 123 0.81
114 115 0.51
115 116 0.15
115 135 0.53
116 138 0.37
117 118 0.15
117 119 0.05
117 122 0.03
118 119 0.07
118 122 0.79
119 122 0.65
120 121 0.39
122 137 0.55
123 124 0.85
123 125 0.4
123 126 0.05
123 127 0.69
123 128 0.77
124 127 0.71
124 128 0.82
124 154 0.8
124 155 0.39
126 146 0.36
126 147 0.13
126 148 0.06
126 149 0.16
126 150 0.65
127 128 0.11
128 163 0.6
128 164 0.72
128 165 0.73
128 166 0.01
129 130 0.09
132 133 0.89
132 134 0.6
133 134 0.61
133 136 0.85
134 146 0.72
134 150 0.24
134 151 0.65
141 146 0.8
143 144 0.54
144 158 0.29
144 164 0.45
144 165 0.77
144 166 0.13
146 147 0.18
146 148 0.19
146 149 0.79
146 150 0.77
146 151 0.62
147 148 0.37
147 149 0.04
147 150 0.49
148 149 0.27
148 150 0.25
149 150 0.53
150 151 0.45
154 155 0.14
157 158 0.0
158 164 0.12
158 165 0.81
158 166 0.74
159 167 0.26
159 169 0.32
160 161 0.56
160 162 0.99
161 162 0.77
163 164 0.39
163 165 0.25
163 166 0.62
164 165 0.62
164 166 0.05
165 166 0.48
