0 1 0.87
1 0 0.17
0 2 0.22
2 0 0.83
0 3 0.28
3 0 0.72
0 579 0.65
579 0 0.97
0 765 0.86
765 0 0.22
0 997 0.22
997 0 0.34
0 999 0.66
999 0 0.43
1 2 0.42
2 1 0.73
1 3 0.51
3 1 0.27
1 4 0.11
4 1 0.33
1 135 0.01
135 1 0.83
1 309 0.21
309 1 0.62
1 999 0.85
999 1 0.86
2 3 0.98
3 2 0.19
2 5 0.43
5 2 0.82
2 357 0.22
357 2 0.36
2 999 0.47
999 2 0.1
3 4 0.71
4 3 0.38
3 5 0.0
5 3 0.89
3 6 0.39
6 3 0.67
3 244 0.35
244 3 0.75
4 5 0.08
5 4 0.84
4 6 0.77
6 4 0.64
4 7 0.88
7 4 0.75
4 71 0.27
71 4 0.17
4 604 0.07
604 4 0.52
5 6 0.98
6 5 0.81
5 7 0.78
7 5 0.01
5 8 0.99
8 5 0.15
5 710 0.25
710 5 0.27
6 7 0.51
7 6 0.06
6 8 0.4
8 6 0.48
6 9 0.23
9 6 0.15
6 575 0.41
575 6 0.09
7 8 0.78
8 7 0.51
7 9 0.23
9 7 0.62
7 10 0.9
10 7 0.72
8 9 0.62
9 8 0.15
8 10 0.77
10 8 0.36
8 244 0.28
244 8 0.62
9 12 0.31
12 9 0.95
9 114 0.63
114 9 0.94
9 516 0.08
516 9 0.64
10 11 0.72
11 10 0.66
10 12 0.1
12 10 0.87
10 13 0.52
13 10 0.85
11 12 0.37
12 11 0.59
11 13 0.92
13 11 0.65
11 14 0.62
14 11 0.06
12 13 0.54
13 12 0.21
12 14 0.77
14 12 0.33
12 15 0.46
15 12 0.36
13 171 0.67
171 13 0.85
13 616 0.17
616 13 0.07
13 623 0.06
623 13 0.71
14 15 0.25
15 14 0.94
14 16 0.16
16 14 0.92
14 17 0.87
17 14 0.1
15 16 0.8
16 15 0.95
15 17 0.33
17 15 0.99
15 18 0.49
18 15 0.28
16 17 0.0
17 16 0.18
16 128 0.88
128 16 0.72
16 182 0.41
182 16 0.94
16 331 0.36
331 16 0.66
16 591 0.07
591 16 0.12
17 18 0.62
18 17 0.65
17 19 0.06
19 17 0.43
17 20 0.67
20 17 0.44
17 230 0.37
230 17 0.24
18 19 0.75
19 18 0.42
18 20 0.82
20 18 0.01
18 206 0.93
206 18 0.43
19 21 0.83
21 19 0.08
19 652 0.24
652 19 0.88
19 718 0.54
718 19 0.51
20 21 0.93
21 20 0.28
20 22 0.0
22 20 0.17
20 23 0.09
23 20 0.41
21 22 0.53
22 21 0.12
21 23 0.85
23 21 0.95
21 529 0.16
529 21 0.44
22 23 0.48
23 22 0.99
22 24 0.74
24 22 0.82
22 25 0.65
25 22 0.6
23 24 0.37
24 23 0.92
23 25 0.88
25 23 0.42
23 26 0.4
26 23 0.21
24 25 0.63
25 24 0.77
24 26 0.75
26 24 0.36
24 27 0.56
27 24 0.11
25 26 0.98
26 25 0.3
25 27 0.07
27 25 0.3
25 924 0.17
924 25 0.54
26 28 0.98
28 26 0.45
26 29 0.76
29 26 1.0
26 271 0.1
271 26 0.13
27 30 0.14
30 27 0.58
27 668 0.24
668 27 0.95
27 821 0.19
821 27 0.4
28 29 0.68
29 28 0.29
28 30 0.22
30 28 0.05
28 292 0.9
292 28 0.11
29 30 0.52
30 29 0.82
29 31 0.65
31 29 0.6
29 32 0.05
32 29 0.51
30 31 0.8
31 30 0.16
30 32 0.14
32 30 0.2
30 192 0.05
192 30 0.41
30 332 0.67
332 30 0.96
31 32 0.87
32 31 0.23
31 34 0.91
34 31 0.6
31 267 0.61
267 31 0.02
32 33 0.06
33 32 0.75
32 34 0.2
34 32 0.1
32 35 0.91
35 32 0.88
33 34 0.47
34 33 0.67
33 35 0.83
35 33 0.25
33 36 0.59
36 33 0.18
33 697 0.69
697 33 0.61
34 35 0.34
35 34 0.41
34 36 0.81
36 34 0.75
34 176 0.88
176 34 0.52
34 558 0.89
558 34 0.03
35 36 0.38
36 35 0.7
35 336 0.49
336 35 0.3
35 654 0.42
654 35 0.92
36 37 0.38
37 36 0.8
36 38 0.84
38 36 0.26
36 39 0.22
39 36 0.93
36 143 0.94
143 36 0.98
37 38 0.23
38 37 0.75
37 39 0.83
39 37 0.85
37 40 0.47
40 37 0.14
37 80 0.92
80 37 0.79
37 467 0.34
467 37 0.49
38 39 0.05
39 38 0.76
38 40 0.7
40 38 0.62
38 41 0.94
41 38 0.04
39 40 0.6
40 39 0.69
39 41 0.43
41 39 0.22
39 42 0.5
42 39 0.61
39 367 0.64
367 39 0.48
39 963 0.81
963 39 0.89
40 41 0.21
41 40 0.97
40 42 0.14
42 40 0.37
40 43 0.89
43 40 0.29
41 42 0.3
42 41 0.22
41 43 0.21
43 41 0.05
41 44 0.05
44 41 0.79
42 43 0.38
43 42 0.5
42 44 0.36
44 42 0.4
42 45 0.4
45 42 0.2
43 44 0.71
44 43 0.87
43 45 0.17
45 43 0.97
43 545 0.27
545 43 0.42
44 45 0.65
45 44 0.68
44 46 0.56
46 44 0.73
44 47 0.93
47 44 0.38
44 332 0.47
332 44 0.21
44 655 0.6
655 44 0.07
45 46 0.14
46 45 0.02
45 47 0.22
47 45 0.18
45 48 0.45
48 45 0.98
46 48 0.03
48 46 0.81
46 49 0.55
49 46 0.94
46 334 0.38
334 46 0.11
47 48 0.4
48 47 0.26
47 49 0.53
49 47 0.62
47 50 0.01
50 47 0.29
48 50 0.3
50 48 0.94
48 51 0.98
51 48 0.29
48 220 0.94
220 48 0.78
48 436 0.47
436 48 0.12
48 514 0.02
514 48 0.81
49 50 0.88
50 49 0.35
49 51 0.34
51 49 0.95
49 52 0.33
52 49 0.86
49 609 0.29
609 49 0.16
50 52 0.17
52 50 0.32
50 125 0.99
125 50 0.64
50 279 0.22
279 50 0.96
50 927 0.64
927 50 0.22
51 52 0.88
52 51 0.98
51 53 0.87
53 51 0.45
51 54 0.08
54 51 0.45
51 448 0.06
448 51 0.65
51 857 0.18
857 51 0.93
52 55 0.89
55 52 0.24
52 181 0.31
181 52 0.16
52 218 0.23
218 52 0.08
52 279 0.98
279 52 0.65
52 588 0.08
588 52 0.81
52 866 0.1
866 52 0.38
53 54 0.12
54 53 0.01
53 55 0.3
55 53 0.71
53 962 0.4
962 53 0.88
54 55 0.48
55 54 0.97
54 56 0.91
56 54 0.65
54 57 0.7
57 54 0.83
54 330 0.53
330 54 0.4
55 56 0.55
56 55 0.35
55 57 0.9
57 55 0.72
55 58 0.23
58 55 0.53
56 58 0.92
58 56 0.02
56 59 0.61
59 56 0.93
56 333 0.17
333 56 0.58
57 58 0.89
58 57 0.32
57 59 0.33
59 57 0.53
57 60 0.59
60 57 0.98
57 241 0.59
241 57 0.17
57 509 0.08
509 57 0.66
57 971 0.72
971 57 0.61
58 59 0.88
59 58 0.22
58 60 0.01
60 58 0.1
58 428 0.65
428 58 0.26
59 60 0.34
60 59 0.51
59 61 0.56
61 59 0.64
59 62 0.78
62 59 0.21
60 61 0.77
61 60 0.28
60 62 0.02
62 60 0.17
60 63 0.2
63 60 0.1
61 62 0.37
62 61 0.67
61 64 0.69
64 61 0.68
61 99 0.99
99 61 0.06
61 183 0.02
183 61 0.25
62 63 0.75
63 62 0.93
62 65 0.57
65 62 0.16
62 371 0.56
371 62 0.58
62 571 0.52
571 62 0.92
63 64 0.35
64 63 0.46
63 503 0.93
503 63 0.49
63 587 0.34
587 63 0.58
64 65 0.89
65 64 0.47
64 66 0.54
66 64 0.05
64 67 0.31
67 64 0.35
65 66 0.43
66 65 0.15
65 67 0.65
67 65 0.53
65 68 0.88
68 65 0.87
66 67 0.61
67 66 0.87
66 69 0.31
69 66 0.72
66 215 0.99
215 66 1.0
66 426 0.6
426 66 0.71
67 68 0.8
68 67 0.83
67 69 0.99
69 67 0.98
67 70 0.73
70 67 0.88
67 293 0.76
293 67 0.7
68 69 0.39
69 68 0.12
68 70 0.57
70 68 0.22
68 71 0.2
71 68 0.91
68 590 0.1
590 68 0.02
69 70 0.57
70 69 0.87
69 72 0.9
72 69 0.21
69 213 0.31
213 69 0.79
69 692 0.54
692 69 0.06
70 71 0.94
71 70 0.47
70 72 0.24
72 70 0.33
70 73 0.46
73 70 0.27
70 805 0.23
805 70 0.72
71 569 0.78
569 71 0.84
71 893 0.02
893 71 0.14
72 73 0.17
73 72 0.2
72 75 0.33
75 72 0.83
72 571 0.51
571 72 0.59
72 816 0.94
816 72 0.91
73 74 0.81
74 73 0.33
73 76 0.98
76 73 0.58
73 824 0.85
824 73 0.55
74 75 0.33
75 74 0.1
74 76 0.06
76 74 0.12
74 77 0.4
77 74 0.66
75 76 0.67
76 75 0.66
75 77 0.59
77 75 0.55
75 78 0.06
78 75 0.03
76 77 0.1
77 76 0.99
76 79 0.37
79 76 0.28
76 141 0.35
141 76 0.88
76 853 0.11
853 76 0.85
77 78 0.52
78 77 0.92
77 79 0.68
79 77 0.95
77 80 0.59
80 77 0.1
77 340 0.41
340 77 0.01
78 79 0.28
79 78 0.86
78 80 0.59
80 78 0.11
78 962 0.19
962 78 0.82
79 80 0.01
80 79 0.56
79 81 0.56
81 79 0.05
79 82 0.64
82 79 0.91
80 81 0.24
81 80 0.17
80 83 0.66
83 80 0.63
81 82 0.65
82 81 0.29
81 83 0.63
83 81 0.91
81 84 0.14
84 81 0.26
81 166 0.21
166 81 0.27
81 674 0.79
674 81 0.48
82 83 0.05
83 82 0.08
82 84 0.15
84 82 0.33
82 85 0.1
85 82 0.11
82 309 0.7
309 82 0.76
83 84 0.38
84 83 0.44
83 85 0.27
85 83 0.85
83 86 0.76
86 83 0.63
84 85 0.58
85 84 0.75
84 87 0.47
87 84 0.42
84 289 0.46
289 84 0.04
85 86 0.51
86 85 0.58
85 88 0.52
88 85 0.16
85 481 0.06
481 85 0.45
85 642 0.96
642 85 0.99
85 864 0.15
864 85 0.38
86 87 0.78
87 86 0.82
86 88 0.49
88 86 0.07
86 701 0.96
701 86 0.65
87 88 0.21
88 87 0.95
87 90 0.43
90 87 0.91
87 542 0.87
542 87 0.75
88 89 0.25
89 88 0.47
88 90 0.5
90 88 0.51
88 91 0.16
91 88 0.99
88 975 0.85
975 88 0.52
89 91 0.8
91 89 0.72
89 92 0.07
92 89 0.27
89 836 0.95
836 89 0.17
90 91 0.44
91 90 0.96
90 92 0.47
92 90 0.73
90 93 0.2
93 90 0.78
90 372 0.45
372 90 0.77
91 92 0.89
92 91 0.0
91 93 0.82
93 91 0.15
91 182 0.96
182 91 0.02
92 93 0.58
93 92 0.61
92 125 0.44
125 92 0.88
92 154 0.13
154 92 0.63
92 459 0.62
459 92 0.2
93 94 0.01
94 93 0.61
93 95 0.84
95 93 0.39
93 96 0.99
96 93 0.15
94 95 0.91
95 94 0.19
94 96 0.48
96 94 0.47
94 122 0.61
122 94 0.04
94 664 0.95
664 94 0.22
95 96 0.99
96 95 0.71
95 97 0.2
97 95 0.98
95 98 0.41
98 95 0.83
96 98 0.89
98 96 0.36
96 99 0.39
99 96 0.89
96 155 0.24
155 96 0.1
97 99 0.17
99 97 0.83
97 100 0.31
100 97 0.79
97 667 0.09
667 97 0.19
98 99 0.75
99 98 0.1
98 100 0.23
100 98 0.05
98 101 0.4
101 98 0.38
99 100 0.19
100 99 0.0
99 101 0.58
101 99 0.76
99 102 0.9
102 99 0.3
100 101 0.25
101 100 0.65
100 102 0.9
102 100 0.66
100 103 0.04
103 100 0.37
100 118 0.08
118 100 0.1
100 500 0.64
500 100 0.02
101 102 0.87
102 101 0.53
101 103 0.1
103 101 0.67
101 104 0.35
104 101 0.11
101 524 0.54
524 101 0.78
102 103 0.62
103 102 0.19
102 104 0.82
104 102 0.45
102 105 0.9
105 102 0.6
102 196 0.97
196 102 0.99
103 104 0.58
104 103 0.31
103 106 0.1
106 103 0.51
103 854 0.57
854 103 0.5
104 105 0.39
105 104 0.72
104 106 0.37
106 104 0.72
104 107 0.53
107 104 0.43
105 106 0.68
106 105 0.51
105 107 0.34
107 105 0.58
105 108 0.03
108 105 0.27
106 107 0.28
107 106 0.54
106 108 0.01
108 106 0.37
106 126 0.18
126 106 0.01
106 520 0.24
520 106 0.81
106 539 0.33
539 106 0.66
107 108 0.91
108 107 1.0
107 109 0.4
109 107 0.44
107 110 0.51
110 107 0.82
107 819 0.33
819 107 0.8
108 109 0.41
109 108 0.86
108 185 0.19
185 108 0.97
108 449 0.22
449 108 0.68
109 110 0.44
110 109 0.49
109 111 0.96
111 109 0.74
109 112 0.39
112 109 0.09
109 474 0.17
474 109 0.92
109 879 0.95
879 109 0.83
110 111 0.04
111 110 0.54
110 113 0.96
113 110 0.0
110 297 0.74
297 110 0.36
110 428 0.12
428 110 0.22
110 535 0.33
535 110 0.71
110 702 0.7
702 110 0.69
110 796 0.11
796 110 0.2
111 113 0.47
113 111 0.32
111 114 0.91
114 111 0.09
111 815 0.7
815 111 0.7
112 113 0.31
113 112 0.71
112 114 0.88
114 112 0.55
112 115 0.67
115 112 0.16
112 859 0.66
859 112 0.98
112 930 0.28
930 112 0.17
113 114 0.88
114 113 0.96
113 115 0.14
115 113 0.74
113 116 0.87
116 113 0.11
114 116 0.19
116 114 0.04
114 117 0.13
117 114 0.18
114 237 0.19
237 114 0.44
115 116 0.59
116 115 0.15
115 117 0.65
117 115 0.92
115 118 0.02
118 115 0.48
116 118 0.14
118 116 0.64
116 119 0.12
119 116 0.81
116 771 0.6
771 116 0.5
117 120 0.16
120 117 0.81
117 249 0.03
249 117 0.62
117 294 0.68
294 117 0.04
117 467 0.18
467 117 0.48
118 119 0.61
119 118 0.11
118 120 0.48
120 118 0.51
119 120 0.83
120 119 0.02
119 121 0.61
121 119 0.22
119 122 0.34
122 119 0.98
120 122 0.89
122 120 0.88
120 402 0.59
402 120 0.28
120 982 0.28
982 120 0.68
121 122 0.77
122 121 0.72
121 124 0.73
124 121 0.41
121 708 0.2
708 121 0.26
122 123 0.5
123 122 0.39
122 124 0.4
124 122 0.43
122 125 0.84
125 122 0.51
123 124 0.85
124 123 0.22
123 125 0.41
125 123 0.97
123 126 0.36
126 123 0.28
123 873 0.22
873 123 0.2
124 125 0.22
125 124 0.55
124 126 0.27
126 124 0.14
124 127 0.36
127 124 0.53
125 126 0.98
126 125 0.43
125 127 0.65
127 125 0.39
125 798 0.38
798 125 0.93
126 128 0.33
128 126 0.33
126 129 0.18
129 126 0.54
127 128 0.65
128 127 0.84
127 129 0.73
129 127 0.46
127 130 0.23
130 127 0.7
128 129 0.47
129 128 0.67
128 130 0.89
130 128 0.72
128 687 0.28
687 128 0.8
129 130 0.72
130 129 0.17
129 131 0.61
131 129 0.74
129 132 0.59
132 129 0.89
129 666 0.73
666 129 0.96
130 131 0.48
131 130 0.18
130 132 0.94
132 130 0.3
130 133 0.99
133 130 0.09
131 133 0.71
133 131 0.26
131 134 0.57
134 131 0.68
131 231 0.42
231 131 0.29
132 133 0.05
133 132 0.79
132 134 0.47
134 132 0.54
132 135 0.73
135 132 0.52
133 135 0.41
135 133 0.29
133 221 0.84
221 133 0.02
133 268 0.96
268 133 1.0
133 431 0.89
431 133 1.0
133 869 0.61
869 133 0.75
134 135 0.17
135 134 0.87
134 136 0.11
136 134 0.42
134 137 0.77
137 134 0.19
134 299 0.02
299 134 0.45
134 942 0.52
942 134 1.0
135 137 0.3
137 135 0.58
135 138 0.81
138 135 0.4
135 364 0.95
364 135 0.73
135 505 0.0
505 135 0.69
135 716 0.01
716 135 0.96
135 890 0.5
890 135 0.07
136 137 0.87
137 136 0.17
136 138 0.87
138 136 0.58
136 139 0.12
139 136 0.33
137 138 0.16
138 137 0.78
137 139 0.48
139 137 0.07
137 140 0.57
140 137 0.55
138 140 0.33
140 138 0.55
138 141 0.44
141 138 0.11
138 996 0.52
996 138 0.59
139 140 0.7
140 139 0.21
139 141 0.49
141 139 0.79
139 142 0.21
142 139 0.53
139 171 0.92
171 139 0.18
139 283 0.18
283 139 0.75
139 763 0.5
763 139 0.7
140 259 0.81
259 140 0.72
140 435 0.57
435 140 0.55
140 515 0.2
515 140 0.45
141 143 0.37
143 141 0.03
141 144 0.19
144 141 0.69
142 143 0.95
143 142 0.05
142 145 0.12
145 142 0.13
142 245 0.72
245 142 0.5
142 462 0.13
462 142 0.98
143 144 0.68
144 143 0.41
143 145 0.25
145 143 0.1
143 704 0.33
704 143 0.73
144 145 0.13
145 144 0.13
144 146 0.06
146 144 0.24
144 147 0.19
147 144 0.48
144 400 0.11
400 144 0.7
145 146 0.01
146 145 0.68
145 147 0.75
147 145 0.62
145 148 0.14
148 145 0.98
146 147 0.42
147 146 0.3
146 148 0.32
148 146 0.31
146 537 0.92
537 146 0.46
147 148 0.52
148 147 0.78
147 149 0.66
149 147 0.96
147 150 0.47
150 147 0.65
147 679 0.13
679 147 0.91
148 149 0.01
149 148 0.11
148 150 0.13
150 148 0.04
148 151 0.07
151 148 0.02
148 476 0.11
476 148 0.34
149 152 0.93
152 149 0.36
149 335 0.58
335 149 0.39
149 640 0.84
640 149 0.14
150 151 0.16
151 150 0.83
150 152 0.26
152 150 0.73
150 153 0.56
153 150 0.24
151 153 0.06
153 151 0.39
151 154 0.15
154 151 0.0
151 397 0.53
397 151 0.48
151 950 0.41
950 151 0.85
152 154 0.68
154 152 0.19
152 155 0.83
155 152 0.23
152 650 0.69
650 152 0.91
153 154 0.73
154 153 0.38
153 155 0.93
155 153 0.64
153 209 0.9
209 153 0.08
153 864 0.35
864 153 0.24
154 155 0.83
155 154 0.79
154 156 0.04
156 154 0.58
154 157 0.39
157 154 0.85
155 158 0.62
158 155 0.94
155 372 0.96
372 155 0.9
155 848 0.24
848 155 0.1
155 868 0.21
868 155 0.3
156 157 0.92
157 156 0.81
156 158 0.84
158 156 0.42
156 159 0.26
159 156 0.62
156 208 0.4
208 156 0.5
156 520 0.94
520 156 0.56
156 603 0.38
603 156 0.92
157 158 0.8
158 157 0.75
157 159 0.77
159 157 0.03
157 160 0.13
160 157 0.18
158 159 0.72
159 158 0.57
158 161 0.24
161 158 0.59
158 593 0.31
593 158 0.74
159 160 0.79
160 159 0.42
159 161 0.13
161 159 0.75
159 162 0.86
162 159 0.07
159 785 0.54
785 159 0.99
159 953 0.17
953 159 0.94
160 161 0.34
161 160 0.33
160 162 0.86
162 160 0.22
160 163 0.96
163 160 0.97
160 430 0.74
430 160 0.42
161 162 0.75
162 161 0.26
161 163 0.41
163 161 0.83
161 164 0.86
164 161 0.09
161 262 0.28
262 161 0.68
161 586 0.74
586 161 0.18
162 163 0.89
163 162 0.88
162 164 0.08
164 162 0.66
162 165 0.44
165 162 0.04
162 321 0.67
321 162 0.77
163 164 0.08
164 163 0.09
163 165 0.95
165 163 0.79
163 166 0.05
166 163 0.78
163 291 0.0
291 163 0.08
164 165 0.63
165 164 0.18
164 166 0.47
166 164 0.05
164 167 0.24
167 164 0.09
165 166 0.95
166 165 0.17
165 167 0.86
167 165 0.59
165 168 0.13
168 165 0.99
166 168 0.24
168 166 0.99
166 485 0.43
485 166 0.91
167 168 0.19
168 167 0.95
167 169 0.43
169 167 0.11
167 170 0.32
170 167 0.86
167 504 0.13
504 167 0.24
167 607 0.26
607 167 0.99
168 169 0.86
169 168 0.62
168 170 0.49
170 168 0.5
168 171 0.76
171 168 0.0
168 630 0.1
630 168 0.02
168 752 0.14
752 168 0.75
169 170 0.29
170 169 0.32
169 171 0.59
171 169 0.52
169 172 0.47
172 169 0.91
170 171 0.95
171 170 0.99
170 173 0.23
173 170 0.18
170 563 0.92
563 170 0.76
170 782 0.5
782 170 0.13
170 966 0.9
966 170 0.73
171 172 0.06
172 171 0.32
171 174 0.16
174 171 0.47
172 173 0.91
173 172 0.86
172 364 0.03
364 172 0.56
172 819 0.19
819 172 0.31
173 174 0.85
174 173 0.23
173 175 0.03
175 173 0.74
173 176 0.77
176 173 0.93
173 515 0.64
515 173 0.59
173 980 0.95
980 173 0.58
174 175 0.74
175 174 0.37
174 176 0.43
176 174 0.38
174 177 0.11
177 174 0.21
175 176 0.28
176 175 0.7
175 177 0.58
177 175 0.82
175 178 0.69
178 175 0.46
176 178 0.01
178 176 0.26
176 179 0.48
179 176 0.13
177 178 0.41
178 177 0.33
177 180 0.59
180 177 0.55
177 798 0.19
798 177 0.27
178 179 0.76
179 178 0.96
178 180 0.67
180 178 0.29
178 181 0.85
181 178 0.7
179 180 0.53
180 179 0.57
179 181 0.91
181 179 0.71
179 182 0.5
182 179 0.53
180 181 0.07
181 180 0.11
180 182 0.49
182 180 0.58
180 183 0.96
183 180 0.6
180 748 0.71
748 180 0.88
180 940 0.58
940 180 0.74
181 182 0.21
182 181 0.27
181 183 0.44
183 181 0.66
182 183 0.07
183 182 0.17
182 185 0.2
185 182 0.81
182 295 0.53
295 182 0.79
182 825 0.32
825 182 0.71
183 184 0.48
184 183 0.25
183 186 0.87
186 183 0.73
183 390 0.82
390 183 0.4
184 185 0.86
185 184 0.2
184 187 0.27
187 184 0.22
184 283 0.67
283 184 0.72
185 186 0.37
186 185 0.35
185 187 0.88
187 185 0.59
185 188 0.84
188 185 0.51
186 187 0.73
187 186 0.25
186 189 0.42
189 186 0.89
186 347 0.7
347 186 0.14
186 592 0.59
592 186 0.7
186 704 0.49
704 186 0.7
187 188 0.93
188 187 0.58
187 190 0.81
190 187 0.12
187 251 0.77
251 187 0.29
188 191 0.54
191 188 0.08
188 633 0.46
633 188 0.06
188 697 0.63
697 188 0.14
189 192 0.49
192 189 0.73
189 650 0.69
650 189 0.67
189 651 0.1
651 189 0.02
190 193 0.99
193 190 0.37
190 373 0.34
373 190 0.74
190 950 0.03
950 190 0.94
191 192 0.6
192 191 0.81
191 193 0.15
193 191 0.22
191 194 0.91
194 191 0.15
191 544 0.95
544 191 0.95
192 193 0.35
193 192 0.47
192 194 0.54
194 192 0.13
192 195 0.1
195 192 0.68
192 208 0.15
208 192 0.57
193 194 0.13
194 193 0.98
193 195 0.1
195 193 0.44
193 196 0.3
196 193 0.96
194 195 0.11
195 194 0.78
194 196 0.65
196 194 0.74
194 197 0.39
197 194 0.85
195 196 0.5
196 195 0.49
195 197 0.07
197 195 0.42
195 198 0.28
198 195 0.16
195 531 0.35
531 195 0.67
196 197 0.74
197 196 0.45
196 552 0.81
552 196 0.19
197 198 0.53
198 197 0.74
197 199 0.36
199 197 0.41
197 340 0.03
340 197 0.87
198 200 0.45
200 198 0.21
198 201 0.85
201 198 0.76
198 812 0.64
812 198 0.55
199 200 0.33
200 199 0.06
199 202 0.13
202 199 0.76
199 287 0.67
287 199 0.03
199 832 0.17
832 199 0.64
200 202 0.88
202 200 0.47
200 203 0.86
203 200 0.85
200 442 0.2
442 200 0.63
200 755 0.24
755 200 0.47
201 202 0.84
202 201 0.71
201 203 0.49
203 201 0.35
201 204 0.79
204 201 0.11
201 389 0.36
389 201 0.65
201 912 1.0
912 201 0.66
202 204 0.3
204 202 1.0
202 205 0.1
205 202 0.51
202 387 0.8
387 202 0.12
202 801 0.07
801 202 0.44
203 204 0.26
204 203 0.71
203 205 0.42
205 203 0.36
203 206 0.06
206 203 0.53
203 799 0.91
799 203 0.86
204 205 0.91
205 204 0.47
204 417 0.67
417 204 0.77
204 986 0.12
986 204 0.45
205 206 0.58
206 205 0.91
205 207 0.34
207 205 0.56
205 208 0.32
208 205 0.59
206 207 0.28
207 206 0.07
206 208 0.71
208 206 0.84
206 209 0.12
209 206 0.98
206 956 0.75
956 206 0.75
207 208 0.53
208 207 0.89
207 209 0.33
209 207 0.38
207 210 0.08
210 207 0.39
207 270 0.5
270 207 0.51
207 854 0.56
854 207 0.46
208 209 0.17
209 208 0.12
208 630 0.98
630 208 0.03
209 210 0.27
210 209 0.38
209 524 0.09
524 209 0.23
210 211 0.23
211 210 0.1
210 212 0.83
212 210 0.95
210 213 0.46
213 210 0.06
211 212 0.9
212 211 0.53
211 213 0.34
213 211 0.21
211 214 0.85
214 211 0.4
212 213 0.55
213 212 0.18
212 214 0.55
214 212 0.94
212 215 0.91
215 212 0.74
213 214 0.84
214 213 0.55
213 215 0.89
215 213 0.13
213 225 0.06
225 213 0.61
213 634 0.04
634 213 0.41
214 215 0.43
215 214 0.06
214 216 0.89
216 214 0.47
214 217 0.18
217 214 0.2
214 709 0.48
709 214 0.69
215 217 0.02
217 215 0.32
215 218 0.66
218 215 0.71
215 732 0.67
732 215 0.96
215 910 0.6
910 215 0.84
216 217 0.58
217 216 0.18
216 218 0.49
218 216 0.77
216 219 0.28
219 216 0.92
216 738 0.58
738 216 0.18
217 218 0.3
218 217 0.8
217 220 0.77
220 217 0.7
217 827 0.65
827 217 0.74
218 219 0.98
219 218 0.99
218 220 0.83
220 218 0.7
218 221 0.77
221 218 0.62
219 220 0.05
220 219 0.35
219 221 0.18
221 219 0.31
219 222 0.04
222 219 0.81
220 222 0.59
222 220 0.72
220 223 0.89
223 220 0.51
221 222 0.75
222 221 0.42
221 223 0.77
223 221 0.08
221 224 0.12
224 221 0.55
222 223 0.74
223 222 0.37
222 225 0.57
225 222 0.9
222 300 0.28
300 222 0.34
223 224 0.28
224 223 0.91
223 225 0.86
225 223 0.68
223 226 0.7
226 223 0.84
224 225 0.66
225 224 0.73
224 226 0.55
226 224 0.34
224 227 0.65
227 224 0.53
224 992 0.74
992 224 0.85
225 227 0.37
227 225 0.92
225 228 0.49
228 225 0.27
226 227 0.02
227 226 0.92
226 228 0.11
228 226 0.58
226 229 0.41
229 226 0.96
226 627 0.5
627 226 0.42
227 228 0.51
228 227 0.46
227 229 0.4
229 227 0.01
227 230 0.02
230 227 0.4
228 229 0.06
229 228 0.77
228 231 0.65
231 228 0.19
228 543 0.67
543 228 0.71
228 942 0.36
942 228 0.11
229 230 0.89
230 229 0.05
229 231 0.06
231 229 0.82
229 232 0.9
232 229 0.51
230 232 0.89
232 230 0.22
230 233 0.43
233 230 0.64
230 627 0.72
627 230 0.27
230 708 0.31
708 230 0.92
231 232 0.5
232 231 0.53
231 233 0.84
233 231 0.98
231 915 0.36
915 231 0.22
232 234 0.15
234 232 0.13
232 235 0.48
235 232 0.35
232 688 0.85
688 232 0.66
233 234 0.89
234 233 0.1
233 235 0.51
235 233 0.95
233 236 0.3
236 233 0.6
233 826 0.38
826 233 0.65
234 235 0.3
235 234 0.74
234 379 0.34
379 234 0.19
234 875 0.45
875 234 0.94
235 236 0.6
236 235 0.3
235 237 0.1
237 235 0.71
235 238 0.33
238 235 0.04
235 988 0.12
988 235 0.37
236 237 0.24
237 236 0.61
236 238 0.52
238 236 0.66
236 239 0.65
239 236 0.2
237 238 0.01
238 237 0.57
237 239 0.21
239 237 0.44
237 524 0.21
524 237 0.62
238 239 0.67
239 238 0.12
238 240 0.12
240 238 0.43
238 241 0.06
241 238 0.69
238 416 0.62
416 238 0.01
238 737 0.92
737 238 0.62
239 240 0.91
240 239 0.45
239 241 0.82
241 239 0.14
239 353 0.92
353 239 0.83
240 241 0.43
241 240 0.64
240 242 0.03
242 240 0.53
240 243 0.83
243 240 0.95
241 242 0.74
242 241 0.79
241 545 0.51
545 241 0.92
242 243 0.87
243 242 0.61
242 245 0.88
245 242 0.08
242 317 0.48
317 242 0.23
242 626 0.8
626 242 0.86
242 816 0.52
816 242 0.89
243 246 0.16
246 243 0.98
243 713 0.62
713 243 0.94
243 799 0.03
799 243 0.81
244 246 0.07
246 244 0.02
244 247 0.21
247 244 0.7
245 246 0.29
246 245 0.32
245 247 0.3
247 245 0.32
245 331 0.72
331 245 0.48
245 356 0.19
356 245 0.86
245 988 0.37
988 245 0.56
246 247 0.87
247 246 0.8
246 248 0.55
248 246 0.64
246 249 0.2
249 246 0.44
247 248 0.92
248 247 0.34
247 675 0.21
675 247 0.82
247 947 0.67
947 247 0.99
248 249 0.29
249 248 0.51
248 250 0.59
250 248 0.36
248 251 0.62
251 248 0.02
249 250 0.44
250 249 0.95
249 251 0.14
251 249 0.86
249 252 0.49
252 249 0.03
249 613 0.56
613 249 0.32
250 251 0.21
251 250 0.44
250 252 0.86
252 250 0.25
250 253 0.32
253 250 0.85
250 993 0.09
993 250 0.9
251 252 0.31
252 251 0.93
251 253 0.49
253 251 0.11
251 646 0.86
646 251 0.62
252 253 0.04
253 252 0.15
252 255 0.81
255 252 0.21
252 452 0.82
452 252 0.74
253 254 0.02
254 253 0.07
253 255 0.43
255 253 0.32
253 505 0.97
505 253 0.94
254 255 0.05
255 254 0.28
254 256 0.71
256 254 0.28
254 257 0.32
257 254 0.71
255 257 0.34
257 255 0.39
255 271 0.8
271 255 0.53
255 311 0.29
311 255 0.64
255 534 0.29
534 255 0.17
255 713 0.99
713 255 0.61
255 960 0.83
960 255 0.47
256 257 1.0
257 256 0.37
256 259 0.87
259 256 0.72
256 746 0.7
746 256 0.8
257 258 0.04
258 257 0.28
257 259 0.8
259 257 0.37
257 260 0.13
260 257 0.48
258 259 0.02
259 258 0.59
258 261 0.76
261 258 0.57
258 636 0.38
636 258 0.2
259 260 0.32
260 259 0.26
259 261 0.56
261 259 0.11
259 262 0.89
262 259 0.48
259 945 0.76
945 259 0.07
260 261 1.0
261 260 0.28
260 262 0.41
262 260 0.77
260 263 0.97
263 260 0.34
260 621 0.1
621 260 0.18
261 262 0.77
262 261 0.19
261 263 0.07
263 261 0.9
261 426 0.58
426 261 0.08
261 985 0.51
985 261 0.14
262 264 0.45
264 262 0.29
262 447 0.15
447 262 0.22
263 264 0.9
264 263 0.09
263 265 0.94
265 263 0.5
263 266 0.9
266 263 0.21
263 891 0.63
891 263 0.61
264 265 0.69
265 264 0.13
264 266 0.51
266 264 0.06
264 267 0.72
267 264 0.47
265 267 0.72
267 265 0.34
265 401 0.95
401 265 0.13
265 745 0.05
745 265 0.46
265 823 0.99
823 265 0.01
266 267 0.7
267 266 0.25
266 268 0.93
268 266 0.21
266 292 0.32
292 266 0.88
267 268 0.74
268 267 0.87
267 269 0.21
269 267 0.38
267 270 0.94
270 267 0.07
268 269 0.61
269 268 0.76
268 270 0.12
270 268 0.0
268 271 0.72
271 268 0.48
268 420 0.32
420 268 0.94
269 270 0.38
270 269 0.08
269 271 0.26
271 269 0.52
269 272 0.67
272 269 0.92
270 271 0.66
271 270 0.29
270 273 0.53
273 270 0.88
270 628 0.51
628 270 0.22
271 272 0.23
272 271 0.49
271 274 0.99
274 271 0.55
271 865 0.09
865 271 0.9
272 273 0.28
273 272 0.04
272 274 0.64
274 272 0.34
272 275 0.11
275 272 0.71
273 274 1.0
274 273 0.22
273 275 0.23
275 273 0.38
273 276 0.31
276 273 0.2
274 277 0.58
277 274 0.66
274 287 0.4
287 274 0.39
274 454 0.23
454 274 0.16
275 276 0.58
276 275 0.74
275 277 0.44
277 275 0.92
275 278 0.42
278 275 0.5
276 277 0.56
277 276 1.0
276 278 0.02
278 276 0.14
276 279 0.66
279 276 0.5
276 674 0.13
674 276 0.77
276 767 0.54
767 276 0.41
276 827 0.77
827 276 0.98
277 278 0.98
278 277 0.89
277 279 0.46
279 277 0.02
277 280 0.44
280 277 0.23
278 279 0.35
279 278 0.97
278 281 0.97
281 278 0.1
278 381 0.03
381 278 0.46
278 405 0.7
405 278 0.75
278 749 0.14
749 278 0.93
279 280 0.87
280 279 0.28
279 281 0.13
281 279 0.37
279 949 0.63
949 279 0.47
280 281 0.18
281 280 0.46
280 282 0.6
282 280 0.01
280 283 0.68
283 280 0.23
281 282 0.44
282 281 0.74
281 283 0.57
283 281 0.16
281 437 0.8
437 281 0.1
281 658 0.59
658 281 0.57
282 283 0.73
283 282 0.53
282 284 0.38
284 282 0.55
282 285 0.68
285 282 0.25
283 284 0.52
284 283 0.05
283 286 0.57
286 283 0.35
284 285 0.25
285 284 0.57
284 286 0.54
286 284 0.58
284 904 0.58
904 284 0.35
285 286 0.73
286 285 0.43
285 287 0.44
287 285 0.55
285 640 0.68
640 285 0.87
285 777 0.95
777 285 0.59
286 287 0.65
287 286 0.21
286 288 0.46
288 286 0.4
286 289 0.45
289 286 0.33
287 289 0.54
289 287 0.84
287 290 0.29
290 287 0.29
287 312 0.43
312 287 0.39
288 290 0.38
290 288 0.9
288 291 0.23
291 288 0.93
288 641 0.68
641 288 0.45
288 921 0.14
921 288 0.75
289 290 0.24
290 289 0.21
289 291 0.87
291 289 0.81
289 292 0.61
292 289 0.92
290 292 0.25
292 290 0.65
290 293 0.83
293 290 0.78
290 450 0.04
450 290 0.31
290 600 0.31
600 290 0.33
290 601 0.12
601 290 0.63
291 292 0.53
292 291 0.58
291 294 0.1
294 291 0.63
292 293 0.8
293 292 0.39
292 294 0.36
294 292 0.18
292 443 0.49
443 292 0.41
293 295 0.86
295 293 0.57
293 296 0.06
296 293 0.35
293 727 0.27
727 293 0.86
294 295 0.38
295 294 0.43
294 297 0.79
297 294 0.22
295 296 0.77
296 295 0.72
295 453 0.19
453 295 0.07
296 298 0.99
298 296 0.8
296 299 0.19
299 296 0.56
296 838 0.34
838 296 0.82
297 298 0.85
298 297 0.35
297 299 0.81
299 297 0.41
297 300 0.31
300 297 0.67
297 705 0.24
705 297 0.08
298 299 0.31
299 298 0.02
298 300 0.32
300 298 0.14
298 301 0.42
301 298 0.59
298 531 0.71
531 298 0.79
298 900 0.2
900 298 0.18
298 989 0.17
989 298 0.31
299 300 0.22
300 299 0.36
299 302 0.6
302 299 0.04
299 863 0.36
863 299 0.33
300 301 0.82
301 300 0.91
300 302 0.29
302 300 0.86
300 303 0.5
303 300 0.8
301 304 0.56
304 301 0.69
301 802 0.88
802 301 0.81
301 966 0.18
966 301 0.37
302 303 0.12
303 302 0.24
302 305 0.69
305 302 0.43
302 907 0.5
907 302 0.81
303 304 0.42
304 303 0.55
303 305 0.54
305 303 0.42
303 586 0.74
586 303 0.63
304 305 0.22
305 304 0.66
304 306 0.86
306 304 0.46
304 307 0.93
307 304 0.45
304 708 0.78
708 304 0.19
305 306 0.16
306 305 0.95
305 307 0.62
307 305 0.86
305 308 0.59
308 305 0.07
305 848 0.67
848 305 0.32
306 307 0.85
307 306 0.73
306 308 0.14
308 306 0.36
306 309 0.3
309 306 0.83
306 344 0.82
344 306 0.65
306 368 0.21
368 306 0.12
307 309 0.72
309 307 0.21
307 310 0.74
310 307 0.7
307 694 0.14
694 307 0.09
307 793 0.63
793 307 0.18
308 310 0.34
310 308 0.97
308 311 0.86
311 308 0.72
308 807 0.84
807 308 0.53
309 311 0.7
311 309 0.15
309 412 0.78
412 309 0.13
310 311 0.18
311 310 0.76
310 312 0.71
312 310 0.94
310 313 0.99
313 310 0.99
311 313 0.41
313 311 0.34
311 314 0.82
314 311 0.1
312 313 0.91
313 312 0.44
312 314 0.64
314 312 0.37
312 351 0.08
351 312 0.2
312 743 0.47
743 312 0.85
313 314 0.54
314 313 0.16
313 315 0.07
315 313 0.62
313 316 0.63
316 313 0.21
313 439 0.33
439 313 0.61
314 315 0.64
315 314 0.4
314 316 0.55
316 314 0.96
314 317 0.48
317 314 0.71
315 317 0.13
317 315 0.27
315 318 0.14
318 315 0.75
315 815 0.51
815 315 0.89
316 317 0.2
317 316 0.39
316 318 0.2
318 316 0.09
316 319 0.38
319 316 0.37
317 320 0.43
320 317 0.48
317 331 0.57
331 317 0.75
317 558 0.64
558 317 0.47
317 752 0.95
752 317 0.55
317 822 0.89
822 317 0.31
318 320 0.67
320 318 0.76
318 814 0.51
814 318 0.24
318 956 0.77
956 318 0.01
319 320 0.76
320 319 0.92
319 321 0.96
321 319 0.59
319 322 0.15
322 319 0.75
320 321 0.06
321 320 0.64
320 322 0.86
322 320 0.91
320 323 0.67
323 320 0.55
321 323 0.16
323 321 0.4
321 324 0.31
324 321 0.22
322 324 0.05
324 322 0.16
322 325 0.69
325 322 0.22
322 944 0.82
944 322 0.83
323 324 0.33
324 323 0.89
323 325 0.83
325 323 0.7
323 326 0.27
326 323 0.26
324 325 0.68
325 324 0.2
324 326 0.16
326 324 0.65
324 327 0.93
327 324 0.2
325 326 0.92
326 325 0.46
325 327 0.7
327 325 0.38
325 328 0.52
328 325 0.5
326 327 0.34
327 326 0.1
326 328 0.36
328 326 0.94
326 329 0.5
329 326 0.09
326 787 0.93
787 326 0.72
327 328 0.93
328 327 0.4
327 329 0.1
329 327 0.46
327 330 0.34
330 327 0.85
327 902 0.31
902 327 0.84
328 329 1.0
329 328 0.69
328 331 0.49
331 328 0.64
328 368 0.41
368 328 0.75
328 725 0.63
725 328 0.79
329 330 0.34
330 329 0.19
329 331 0.45
331 329 0.34
329 332 0.14
332 329 0.76
330 333 0.27
333 330 0.58
330 376 0.7
376 330 0.78
330 427 0.9
427 330 0.45
331 332 0.03
332 331 0.76
331 333 0.75
333 331 0.43
332 816 0.94
816 332 0.5
333 334 0.01
334 333 0.27
333 335 0.5
335 333 0.51
333 336 0.45
336 333 0.74
334 335 0.62
335 334 0.59
334 337 0.42
337 334 0.28
334 541 0.17
541 334 0.05
334 804 0.56
804 334 0.25
335 336 0.16
336 335 0.2
335 338 0.67
338 335 0.4
335 611 0.07
611 335 0.84
336 337 0.88
337 336 0.16
336 339 0.39
339 336 0.46
336 659 0.93
659 336 0.12
337 338 0.57
338 337 0.18
337 340 0.01
340 337 0.3
337 432 0.41
432 337 0.53
337 944 0.01
944 337 0.0
338 339 0.57
339 338 0.82
338 340 0.36
340 338 0.7
338 341 0.47
341 338 0.37
339 340 0.1
340 339 0.97
339 341 0.56
341 339 0.93
339 342 0.93
342 339 0.45
339 795 0.25
795 339 0.05
340 341 0.81
341 340 0.86
340 357 0.81
357 340 0.81
340 993 0.53
993 340 0.29
341 342 0.61
342 341 0.51
341 343 0.75
343 341 0.09
341 344 0.77
344 341 0.84
342 343 0.96
343 342 0.17
342 344 0.05
344 342 0.62
342 950 0.75
950 342 0.39
343 344 0.2
344 343 0.11
343 345 0.47
345 343 0.34
343 550 0.15
550 343 0.9
344 346 0.53
346 344 0.83
344 347 0.4
347 344 0.31
345 346 0.41
346 345 0.99
345 347 0.76
347 345 0.85
345 348 0.05
348 345 0.76
345 872 0.38
872 345 0.77
345 876 0.48
876 345 0.34
346 347 0.08
347 346 0.31
346 349 0.05
349 346 0.81
346 822 0.6
822 346 0.4
346 944 0.69
944 346 0.75
347 348 0.23
348 347 0.88
347 349 0.13
349 347 0.33
348 349 0.01
349 348 0.38
348 350 0.21
350 348 0.41
348 351 0.82
351 348 0.87
348 780 0.62
780 348 0.58
349 350 0.49
350 349 0.53
349 351 0.16
351 349 0.02
349 391 0.33
391 349 0.07
350 352 0.25
352 350 0.81
350 353 0.33
353 350 0.92
350 397 0.47
397 350 0.71
350 978 0.97
978 350 0.99
351 352 0.91
352 351 0.08
351 354 0.6
354 351 0.19
351 385 0.11
385 351 0.85
351 663 0.43
663 351 0.16
352 353 0.29
353 352 0.53
352 354 0.8
354 352 0.07
352 435 0.65
435 352 0.51
353 354 0.46
354 353 0.16
353 499 0.94
499 353 0.01
353 523 0.35
523 353 0.27
353 566 0.18
566 353 0.09
354 355 0.99
355 354 0.39
354 356 0.68
356 354 0.31
354 357 0.22
357 354 0.12
355 357 0.29
357 355 0.88
355 358 0.35
358 355 0.98
355 867 0.26
867 355 0.19
356 357 0.15
357 356 0.0
356 358 0.19
358 356 0.92
357 359 0.22
359 357 0.83
357 360 0.18
360 357 0.56
358 360 0.67
360 358 0.79
358 361 0.38
361 358 0.23
358 365 0.78
365 358 0.26
359 360 0.73
360 359 0.11
359 361 0.84
361 359 0.44
359 362 0.03
362 359 0.51
359 496 0.97
496 359 0.75
360 363 0.55
363 360 0.13
360 794 0.34
794 360 0.17
360 988 0.12
988 360 0.42
361 362 0.87
362 361 0.21
361 364 0.3
364 361 0.61
361 705 0.27
705 361 0.61
361 744 0.95
744 361 0.88
362 363 0.68
363 362 0.83
362 364 0.52
364 362 0.02
362 365 0.18
365 362 0.07
362 488 0.58
488 362 0.91
363 364 0.1
364 363 0.3
363 365 0.07
365 363 0.15
363 366 0.28
366 363 0.61
363 517 0.26
517 363 0.62
364 365 0.15
365 364 0.62
364 367 0.68
367 364 0.89
365 366 0.59
366 365 0.48
365 367 0.15
367 365 0.14
365 368 0.87
368 365 0.03
366 367 0.3
367 366 0.92
366 368 0.16
368 366 0.38
366 369 0.29
369 366 0.95
367 369 0.13
369 367 0.13
367 370 0.21
370 367 0.34
368 369 0.14
369 368 0.98
368 371 0.35
371 368 0.4
369 370 0.79
370 369 0.92
369 371 0.73
371 369 0.63
369 372 0.65
372 369 0.53
370 371 0.33
371 370 0.86
370 372 0.96
372 370 0.12
370 451 0.54
451 370 0.55
371 373 0.95
373 371 0.33
371 638 0.8
638 371 0.81
372 373 0.69
373 372 0.98
372 738 0.41
738 372 0.96
372 950 0.5
950 372 0.7
373 374 0.01
374 373 0.86
373 375 0.53
375 373 0.6
373 405 0.8
405 373 0.82
373 596 0.97
596 373 0.86
373 892 0.03
892 373 0.76
374 375 0.04
375 374 0.01
374 376 0.18
376 374 0.51
374 377 0.13
377 374 0.89
374 494 0.07
494 374 0.5
375 376 0.82
376 375 0.85
375 377 0.12
377 375 0.54
375 378 0.57
378 375 0.81
375 549 0.06
549 375 0.82
376 377 0.35
377 376 0.59
376 379 0.32
379 376 0.87
376 834 0.82
834 376 0.75
376 928 0.98
928 376 0.13
377 378 0.88
378 377 0.45
377 380 0.84
380 377 0.45
377 789 0.1
789 377 0.66
378 379 0.01
379 378 0.6
378 380 0.6
380 378 0.87
378 381 0.19
381 378 0.38
378 654 0.99
654 378 0.12
379 380 0.58
380 379 0.67
379 381 0.12
381 379 0.62
379 382 0.88
382 379 0.21
380 381 0.96
381 380 0.66
380 382 0.01
382 380 0.56
380 383 0.62
383 380 0.77
381 382 0.55
382 381 0.97
381 384 0.45
384 381 0.93
382 383 0.89
383 382 0.38
382 384 0.31
384 382 0.33
382 385 0.71
385 382 0.44
383 384 0.97
384 383 0.62
383 385 0.47
385 383 0.24
383 386 0.71
386 383 0.14
384 385 0.79
385 384 0.99
384 386 0.36
386 384 0.57
384 387 0.02
387 384 0.52
385 387 0.59
387 385 0.77
385 388 0.69
388 385 0.06
385 636 0.96
636 385 0.25
386 387 0.36
387 386 0.46
386 388 0.3
388 386 0.74
386 389 0.42
389 386 0.44
386 954 0.72
954 386 0.45
387 388 0.85
388 387 0.17
387 389 0.97
389 387 0.92
387 390 0.27
390 387 0.17
388 389 0.29
389 388 0.11
388 390 0.8
390 388 0.35
388 391 0.88
391 388 0.58
389 506 0.03
506 389 0.39
389 522 0.97
522 389 0.97
389 568 0.75
568 389 0.82
390 391 0.91
391 390 0.86
390 392 0.7
392 390 0.99
391 392 0.3
392 391 0.22
391 393 0.54
393 391 0.78
391 394 0.52
394 391 0.8
392 393 0.05
393 392 0.75
392 394 0.2
394 392 0.43
392 395 0.01
395 392 0.44
393 394 0.12
394 393 0.9
393 395 0.01
395 393 0.54
393 396 0.15
396 393 0.03
393 454 0.89
454 393 0.44
394 395 0.15
395 394 0.05
394 396 0.96
396 394 0.45
394 397 0.91
397 394 0.56
395 398 0.99
398 395 0.23
395 487 0.49
487 395 0.52
395 541 0.33
541 395 0.49
395 706 0.88
706 395 1.0
396 397 0.72
397 396 0.38
396 398 0.14
398 396 0.72
396 399 0.58
399 396 0.15
397 399 0.92
399 397 0.98
397 400 0.68
400 397 0.11
398 399 0.95
399 398 0.46
398 400 0.25
400 398 0.66
398 401 0.88
401 398 0.66
399 400 0.56
400 399 0.75
399 401 0.37
401 399 0.69
399 402 0.5
402 399 0.58
399 450 0.39
450 399 0.88
400 401 0.14
401 400 0.45
400 403 0.23
403 400 0.66
400 415 0.63
415 400 0.22
401 402 0.4
402 401 0.83
401 404 0.44
404 401 0.29
402 404 0.54
404 402 0.7
402 405 0.27
405 402 0.3
402 938 0.25
938 402 0.31
403 404 0.84
404 403 0.39
403 405 0.46
405 403 0.1
403 406 0.36
406 403 0.86
404 405 0.7
405 404 0.54
404 406 0.35
406 404 0.05
404 407 0.38
407 404 0.24
405 406 0.06
406 405 0.49
405 418 0.17
418 405 0.31
406 409 0.07
409 406 0.18
406 451 0.15
451 406 0.42
406 613 0.54
613 406 0.97
407 408 0.62
408 407 0.39
407 410 0.98
410 407 0.47
407 442 0.33
442 407 0.02
408 409 0.9
409 408 0.57
408 410 0.57
410 408 0.54
408 411 0.2
411 408 0.23
408 736 0.8
736 408 0.7
409 410 0.08
410 409 0.1
409 412 0.12
412 409 0.34
409 656 0.82
656 409 0.42
409 818 0.49
818 409 0.74
410 411 0.89
411 410 0.48
410 412 0.69
412 410 0.94
410 633 0.92
633 410 0.02
410 729 0.42
729 410 0.43
411 413 0.43
413 411 0.28
411 591 0.67
591 411 0.01
411 804 0.04
804 411 0.4
411 808 0.03
808 411 0.56
412 413 0.07
413 412 0.1
412 807 0.06
807 412 0.62
413 414 0.18
414 413 0.67
413 415 0.07
415 413 0.68
413 633 0.28
633 413 0.36
414 415 0.59
415 414 0.46
414 416 0.89
416 414 0.71
414 417 0.04
417 414 0.12
415 416 0.17
416 415 0.58
415 418 0.94
418 415 0.48
415 719 0.48
719 415 0.6
416 417 0.37
417 416 0.95
416 419 0.72
419 416 0.17
417 419 0.59
419 417 0.67
417 420 0.12
420 417 0.53
417 887 0.42
887 417 0.86
418 419 0.64
419 418 0.56
418 420 0.3
420 418 0.16
418 421 0.92
421 418 0.37
419 420 0.71
420 419 0.77
419 421 0.04
421 419 0.58
419 422 0.57
422 419 0.94
420 422 0.32
422 420 0.96
420 938 0.6
938 420 0.15
421 422 0.91
422 421 0.96
421 423 0.38
423 421 0.13
421 424 0.39
424 421 0.19
422 424 0.79
424 422 0.45
422 425 0.28
425 422 0.62
422 439 0.38
439 422 0.61
423 424 0.29
424 423 0.5
423 425 0.94
425 423 0.08
423 426 0.36
426 423 0.26
424 425 0.94
425 424 0.54
424 426 0.39
426 424 0.86
424 427 0.55
427 424 0.85
425 427 0.13
427 425 0.47
425 428 0.88
428 425 0.25
425 895 0.84
895 425 0.58
426 427 0.72
427 426 0.99
426 429 0.52
429 426 0.96
426 556 0.11
556 426 0.47
427 428 0.4
428 427 0.71
427 487 0.97
487 427 0.8
428 429 0.07
429 428 0.86
428 431 0.0
431 428 0.1
428 520 0.58
520 428 0.74
429 430 0.93
430 429 0.68
429 431 0.5
431 429 0.92
429 432 0.1
432 429 0.06
430 431 0.32
431 430 0.73
430 863 0.75
863 430 0.73
431 433 0.49
433 431 0.74
431 434 0.25
434 431 0.2
432 435 0.37
435 432 0.36
432 850 0.44
850 432 0.81
432 972 0.06
972 432 0.87
433 434 0.27
434 433 0.66
433 435 0.4
435 433 0.62
433 908 0.97
908 433 0.54
434 435 0.05
435 434 0.26
434 436 0.7
436 434 0.41
434 437 0.61
437 434 0.52
434 857 0.32
857 434 0.0
435 436 0.11
436 435 0.41
435 437 0.35
437 435 0.13
435 438 0.38
438 435 0.13
435 650 0.81
650 435 0.65
436 438 0.23
438 436 0.53
436 439 0.66
439 436 0.83
436 532 0.49
532 436 0.56
437 439 0.02
439 437 0.37
437 440 0.18
440 437 0.59
438 439 0.12
439 438 0.36
438 440 0.45
440 438 0.04
438 441 0.16
441 438 0.91
439 440 0.68
440 439 0.92
439 441 0.49
441 439 0.44
440 442 0.99
442 440 0.57
440 443 0.7
443 440 0.66
440 583 0.82
583 440 0.04
441 442 0.79
442 441 0.66
441 444 0.59
444 441 0.75
441 514 0.49
514 441 0.6
442 443 0.48
443 442 0.39
442 444 0.11
444 442 0.46
442 445 0.4
445 442 0.03
443 444 0.07
444 443 0.75
443 445 0.18
445 443 0.36
443 446 0.78
446 443 0.58
443 657 0.65
657 443 0.78
443 835 0.36
835 443 0.71
444 446 0.09
446 444 0.78
444 447 0.96
447 444 0.59
444 954 0.35
954 444 0.14
445 446 0.9
446 445 0.5
445 447 0.43
447 445 0.22
445 448 0.79
448 445 0.03
445 686 0.38
686 445 0.38
446 447 0.61
447 446 0.17
446 448 0.68
448 446 0.42
446 449 0.17
449 446 0.89
447 448 0.97
448 447 0.5
447 449 0.67
449 447 0.86
447 450 0.17
450 447 0.01
448 449 0.79
449 448 0.08
448 451 0.97
451 448 0.33
449 452 0.66
452 449 0.29
449 747 0.85
747 449 0.51
449 776 0.51
776 449 0.38
450 453 0.05
453 450 0.82
450 683 0.67
683 450 0.61
450 858 0.73
858 450 0.09
451 452 0.6
452 451 0.13
451 453 0.09
453 451 0.85
451 454 0.38
454 451 0.84
451 692 0.69
692 451 0.55
452 454 0.9
454 452 0.6
452 455 0.35
455 452 0.84
452 469 0.68
469 452 0.81
452 604 0.62
604 452 0.54
452 698 0.73
698 452 0.29
452 876 0.88
876 452 0.32
452 926 0.38
926 452 0.66
453 454 0.62
454 453 0.47
453 455 0.13
455 453 0.55
453 456 0.11
456 453 0.37
454 455 0.24
455 454 0.13
454 457 0.14
457 454 0.03
455 456 0.41
456 455 0.75
455 458 0.19
458 455 0.17
455 470 0.43
470 455 0.52
456 457 0.45
457 456 0.79
456 458 0.16
458 456 0.1
456 459 0.13
459 456 0.39
456 816 0.3
816 456 0.32
457 458 0.98
458 457 0.37
457 459 0.17
459 457 0.12
457 874 0.71
874 457 0.79
458 460 0.96
460 458 0.79
458 461 0.23
461 458 0.83
458 875 0.56
875 458 0.56
459 460 0.76
460 459 0.69
459 462 0.07
462 459 0.45
459 760 0.0
760 459 0.25
460 461 0.99
461 460 0.09
460 462 0.74
462 460 0.87
460 463 0.73
463 460 0.64
460 886 0.14
886 460 0.57
461 463 0.78
463 461 0.3
461 464 0.36
464 461 0.82
461 492 0.15
492 461 0.59
462 464 0.04
464 462 0.52
462 465 0.17
465 462 0.12
463 464 0.55
464 463 0.8
463 465 0.85
465 463 0.61
463 466 0.65
466 463 0.23
464 465 0.89
465 464 0.47
464 466 0.42
466 464 0.69
464 467 0.61
467 464 0.4
465 466 0.95
466 465 0.12
465 467 0.25
467 465 0.34
465 468 0.6
468 465 0.66
466 468 0.22
468 466 0.1
466 469 0.38
469 466 0.74
466 738 0.6
738 466 0.21
467 469 0.33
469 467 0.07
467 470 0.6
470 467 0.75
468 469 0.55
469 468 0.58
468 470 0.0
470 468 0.95
468 471 0.15
471 468 0.2
469 470 0.83
470 469 0.12
469 471 0.03
471 469 0.3
470 471 0.08
471 470 0.94
470 472 0.9
472 470 0.16
470 473 0.66
473 470 0.58
471 472 0.05
472 471 0.68
471 473 0.95
473 471 0.17
471 474 0.27
474 471 0.02
472 473 0.86
473 472 0.13
472 474 0.53
474 472 0.08
472 969 0.94
969 472 0.48
473 474 0.33
474 473 0.03
473 475 0.48
475 473 0.64
473 476 0.19
476 473 0.65
474 477 0.41
477 474 0.26
474 970 0.96
970 474 0.32
475 476 0.77
476 475 0.39
475 478 0.99
478 475 0.37
475 683 0.26
683 475 0.52
476 478 0.94
478 476 0.7
476 479 0.83
479 476 0.21
477 478 0.97
478 477 0.3
477 480 0.68
480 477 0.79
477 822 0.75
822 477 0.3
477 887 0.73
887 477 0.58
478 479 0.91
479 478 0.34
478 480 0.45
480 478 0.01
478 481 0.57
481 478 0.83
479 480 0.48
480 479 0.34
479 482 0.58
482 479 0.24
479 765 0.38
765 479 0.71
479 850 0.62
850 479 0.51
480 481 0.97
481 480 0.1
480 586 0.47
586 480 0.25
480 712 0.34
712 480 0.59
481 483 0.75
483 481 0.11
481 484 0.42
484 481 0.67
482 483 0.54
483 482 0.98
482 484 0.41
484 482 0.44
482 485 0.23
485 482 0.06
482 655 0.45
655 482 0.24
483 484 0.39
484 483 0.47
483 485 0.98
485 483 0.94
483 486 0.36
486 483 0.22
484 485 0.68
485 484 0.36
484 486 0.94
486 484 0.78
484 487 0.81
487 484 0.0
485 486 0.82
486 485 0.82
485 487 0.75
487 485 0.09
485 488 0.73
488 485 0.51
485 761 0.67
761 485 0.72
486 487 0.46
487 486 0.12
486 488 0.82
488 486 0.32
486 986 0.44
986 486 0.03
487 488 0.75
488 487 0.42
487 489 0.58
489 487 0.48
487 490 0.96
490 487 0.32
488 491 0.02
491 488 0.45
488 637 0.79
637 488 0.48
489 490 0.5
490 489 0.24
489 491 0.81
491 489 0.26
489 492 0.41
492 489 0.02
490 491 0.71
491 490 0.93
490 492 0.76
492 490 0.03
490 493 0.65
493 490 0.84
490 986 0.02
986 490 0.45
491 492 0.27
492 491 0.43
491 493 0.78
493 491 0.44
491 494 0.3
494 491 0.02
492 493 0.89
493 492 0.97
492 494 0.93
494 492 0.01
492 495 0.08
495 492 0.03
493 494 0.52
494 493 0.29
493 495 0.11
495 493 0.65
493 496 0.15
496 493 0.75
494 495 0.45
495 494 0.65
494 496 0.64
496 494 0.44
495 496 0.99
496 495 0.65
495 497 0.84
497 495 0.63
495 498 0.04
498 495 0.96
496 498 0.5
498 496 0.3
496 499 0.33
499 496 0.02
497 498 0.92
498 497 0.65
497 499 0.73
499 497 0.31
497 743 0.1
743 497 0.98
498 499 0.78
499 498 0.16
498 500 0.36
500 498 0.97
498 501 0.45
501 498 0.98
499 500 0.58
500 499 0.03
499 501 0.78
501 499 0.99
499 502 0.42
502 499 0.81
500 502 0.52
502 500 0.21
500 503 0.61
503 500 0.17
501 503 0.57
503 501 0.98
501 504 0.74
504 501 0.86
501 643 0.11
643 501 0.94
502 503 0.39
503 502 0.73
502 505 0.05
505 502 0.03
502 751 0.94
751 502 0.34
503 504 0.8
504 503 0.81
503 505 0.0
505 503 0.86
503 506 0.25
506 503 0.51
504 505 0.99
505 504 0.91
504 506 0.39
506 504 0.22
504 659 0.64
659 504 0.83
505 507 0.67
507 505 0.3
505 508 0.06
508 505 0.07
506 507 0.7
507 506 0.32
506 509 0.46
509 506 0.66
507 508 0.49
508 507 0.35
507 509 0.66
509 507 0.04
507 510 0.95
510 507 0.86
508 509 0.13
509 508 0.52
508 510 0.15
510 508 0.82
508 511 0.78
511 508 0.19
509 510 0.95
510 509 0.56
509 512 0.14
512 509 0.25
510 511 0.16
511 510 0.03
510 512 0.59
512 510 0.71
510 513 0.46
513 510 0.29
511 512 0.64
512 511 0.56
511 513 0.29
513 511 0.16
511 514 0.53
514 511 0.87
512 513 0.63
513 512 0.48
512 514 0.0
514 512 0.61
512 515 0.23
515 512 0.03
513 514 0.92
514 513 0.74
513 515 0.28
515 513 0.07
513 516 0.87
516 513 0.87
514 515 1.0
515 514 0.05
514 516 0.61
516 514 0.52
515 516 0.51
516 515 0.07
515 768 0.07
768 515 0.04
516 517 0.53
517 516 0.29
516 519 0.78
519 516 0.02
516 556 0.35
556 516 0.16
516 697 0.15
697 516 0.18
517 519 0.3
519 517 0.3
517 520 0.92
520 517 0.39
518 520 0.55
520 518 0.21
518 523 0.87
523 518 0.45
518 730 0.97
730 518 0.63
518 943 0.51
943 518 0.53
519 520 0.89
520 519 0.0
519 521 0.59
521 519 0.38
519 522 0.95
522 519 0.23
519 769 0.37
769 519 0.12
520 521 0.5
521 520 0.52
521 522 0.46
522 521 0.76
521 523 0.01
523 521 0.66
521 524 0.32
524 521 0.32
522 523 0.57
523 522 0.02
522 524 0.7
524 522 0.46
522 525 0.75
525 522 0.52
523 524 0.63
524 523 0.52
523 526 0.75
526 523 0.25
523 736 0.06
736 523 0.63
524 525 0.07
525 524 0.91
524 527 0.3
527 524 0.67
524 939 0.92
939 524 0.95
524 941 0.14
941 524 0.21
524 982 0.06
982 524 0.88
525 526 0.16
526 525 0.61
525 527 0.8
527 525 0.27
525 528 0.37
528 525 0.96
526 528 0.43
528 526 0.92
526 529 0.42
529 526 0.53
526 578 0.48
578 526 0.31
526 951 0.83
951 526 0.69
527 528 0.48
528 527 0.93
527 529 0.34
529 527 0.06
527 530 0.3
530 527 0.23
528 529 0.46
529 528 0.61
528 530 0.45
530 528 0.79
528 531 0.13
531 528 0.13
528 727 0.02
727 528 0.93
529 530 0.44
530 529 0.25
529 531 0.74
531 529 0.32
529 532 0.62
532 529 0.88
529 826 0.75
826 529 0.61
530 531 0.16
531 530 0.05
530 532 0.93
532 530 0.99
530 533 0.14
533 530 0.36
531 533 0.04
533 531 0.83
532 533 0.87
533 532 0.29
532 534 0.77
534 532 0.69
532 535 0.14
535 532 0.29
533 534 0.73
534 533 0.93
533 535 0.17
535 533 0.76
533 536 0.37
536 533 0.95
534 536 0.03
536 534 0.49
534 537 0.04
537 534 0.65
534 676 0.05
676 534 0.64
534 679 0.94
679 534 0.02
535 536 0.27
536 535 0.14
535 538 0.0
538 535 0.33
536 538 0.28
538 536 0.57
536 539 0.77
539 536 0.26
536 543 0.58
543 536 0.49
536 545 0.18
545 536 0.42
537 538 0.88
538 537 0.64
537 539 0.55
539 537 0.04
537 540 0.7
540 537 0.65
538 539 0.58
539 538 0.61
538 540 0.7
540 538 0.89
538 955 0.8
955 538 0.15
539 540 0.77
540 539 0.63
539 542 0.69
542 539 0.3
540 541 0.04
541 540 0.42
540 542 0.98
542 540 0.52
540 543 0.9
543 540 0.33
541 542 0.18
542 541 0.28
541 991 0.36
991 541 0.67
542 543 0.09
543 542 0.64
542 544 0.24
544 542 0.11
542 721 0.69
721 542 0.83
543 546 0.6
546 543 0.26
543 936 0.93
936 543 0.61
544 547 0.03
547 544 0.79
544 684 0.49
684 544 0.53
545 546 0.38
546 545 0.46
545 720 0.8
720 545 0.68
546 547 0.9
547 546 0.86
546 548 0.72
548 546 0.19
546 549 0.57
549 546 0.6
547 548 0.38
548 547 0.93
547 550 0.68
550 547 0.17
547 722 0.28
722 547 0.54
548 549 0.47
549 548 0.3
548 550 0.87
550 548 0.23
548 551 0.97
551 548 0.8
549 551 0.05
551 549 0.38
549 761 0.93
761 549 0.22
550 551 0.93
551 550 0.55
550 552 0.32
552 550 0.41
550 553 0.22
553 550 0.63
551 552 0.01
552 551 0.64
551 553 0.4
553 551 0.74
551 554 0.85
554 551 0.01
552 553 0.03
553 552 0.83
552 555 0.82
555 552 0.46
552 653 0.9
653 552 0.23
553 554 0.4
554 553 0.81
553 555 0.64
555 553 0.54
553 556 0.12
556 553 0.99
554 555 0.26
555 554 0.2
554 556 0.91
556 554 0.06
554 557 0.61
557 554 0.61
555 556 0.06
556 555 0.17
555 558 0.6
558 555 0.42
555 584 0.31
584 555 0.59
556 557 0.23
557 556 0.42
556 558 0.27
558 556 0.74
557 558 0.47
558 557 0.88
557 559 0.8
559 557 0.92
557 569 0.35
569 557 0.59
558 559 0.4
559 558 0.01
558 561 0.69
561 558 0.27
559 560 0.27
560 559 0.19
559 561 0.55
561 559 0.66
559 562 0.89
562 559 0.18
559 734 0.88
734 559 0.0
560 561 1.0
561 560 0.47
560 562 0.63
562 560 0.74
560 569 0.66
569 560 0.64
561 562 0.22
562 561 0.27
561 563 0.23
563 561 0.33
561 564 0.21
564 561 0.55
562 563 0.56
563 562 0.59
562 564 0.3
564 562 0.44
562 565 0.49
565 562 0.38
562 858 0.05
858 562 0.32
563 565 0.55
565 563 0.37
563 566 0.71
566 563 0.17
564 565 0.14
565 564 0.59
564 566 0.7
566 564 0.98
564 567 0.25
567 564 0.81
565 566 0.99
566 565 0.31
565 567 0.36
567 565 0.26
565 568 0.53
568 565 0.47
565 590 0.71
590 565 0.94
566 567 0.5
567 566 0.45
566 568 0.09
568 566 0.43
566 569 0.89
569 566 0.69
567 568 0.06
568 567 0.38
567 569 0.54
569 567 0.84
567 570 0.29
570 567 1.0
568 569 0.68
569 568 0.34
568 570 0.51
570 568 0.31
568 571 0.65
571 568 0.82
568 797 0.27
797 568 0.64
568 930 0.13
930 568 0.57
569 570 0.82
570 569 0.03
569 571 0.26
571 569 0.8
569 572 0.37
572 569 0.51
569 815 0.3
815 569 0.51
570 571 0.23
571 570 1.0
570 572 0.73
572 570 0.02
570 573 0.02
573 570 0.99
571 572 0.56
572 571 0.65
571 573 0.34
573 571 0.31
571 821 0.28
821 571 0.39
572 573 0.8
573 572 0.75
572 574 0.67
574 572 1.0
572 575 0.94
575 572 0.57
573 574 0.57
574 573 0.56
573 575 0.94
575 573 0.76
573 576 0.67
576 573 0.24
574 575 0.65
575 574 0.84
574 576 0.84
576 574 0.79
574 577 0.87
577 574 0.43
575 576 0.37
576 575 0.71
575 577 0.94
577 575 0.75
576 577 0.67
577 576 0.26
576 578 0.16
578 576 0.07
576 579 0.24
579 576 0.65
576 878 0.84
878 576 0.37
577 578 0.62
578 577 0.69
577 579 0.66
579 577 0.09
577 580 0.22
580 577 0.1
578 579 0.52
579 578 0.47
578 580 0.93
580 578 0.6
579 580 0.58
580 579 0.88
579 582 0.58
582 579 0.25
579 842 0.24
842 579 0.06
580 581 0.95
581 580 0.64
580 582 0.23
582 580 0.77
580 583 0.61
583 580 0.14
581 584 0.8
584 581 0.14
581 587 0.29
587 581 0.34
581 880 0.89
880 581 0.98
582 583 0.09
583 582 0.95
582 584 0.51
584 582 0.59
582 585 0.17
585 582 0.45
583 584 0.14
584 583 0.33
583 585 0.87
585 583 0.97
583 586 0.14
586 583 0.57
584 585 0.3
585 584 0.29
584 586 0.83
586 584 0.81
584 587 0.12
587 584 0.44
585 586 0.53
586 585 0.38
585 587 0.16
587 585 0.38
585 770 0.98
770 585 0.07
586 587 0.94
587 586 0.63
586 588 0.79
588 586 0.72
587 588 0.35
588 587 0.46
587 589 0.17
589 587 0.39
587 590 0.94
590 587 0.86
587 598 0.06
598 587 0.8
588 589 0.24
589 588 0.83
588 590 0.88
590 588 0.49
588 591 0.9
591 588 0.29
589 590 0.74
590 589 0.35
589 591 0.71
591 589 0.59
589 592 0.0
592 589 0.69
590 591 0.04
591 590 0.42
590 730 0.7
730 590 0.61
591 592 0.3
592 591 0.6
591 593 0.11
593 591 0.96
592 593 0.59
593 592 0.16
592 594 0.47
594 592 0.77
593 594 0.34
594 593 0.66
593 595 0.68
595 593 0.44
593 596 0.29
596 593 0.55
594 596 0.65
596 594 0.38
594 597 0.63
597 594 0.44
594 741 0.92
741 594 0.02
594 969 0.77
969 594 0.77
595 596 0.47
596 595 0.68
595 597 0.32
597 595 0.16
595 598 0.6
598 595 0.1
596 598 0.66
598 596 0.66
596 810 0.33
810 596 0.64
597 598 0.12
598 597 0.36
597 599 0.61
599 597 0.26
597 600 0.99
600 597 0.55
598 599 0.62
599 598 0.99
598 600 0.58
600 598 0.98
599 600 0.64
600 599 0.9
599 601 0.19
601 599 0.33
599 602 0.32
602 599 0.56
600 601 0.79
601 600 0.29
600 602 0.57
602 600 0.9
600 603 0.23
603 600 0.66
600 785 0.74
785 600 0.06
601 603 0.94
603 601 0.73
601 604 0.78
604 601 0.1
601 832 0.0
832 601 0.11
602 603 0.54
603 602 0.79
602 604 0.69
604 602 0.53
602 605 0.52
605 602 0.44
603 605 0.56
605 603 0.78
603 606 0.95
606 603 0.44
604 607 0.63
607 604 0.98
605 606 0.3
606 605 1.0
605 607 0.45
607 605 0.05
605 608 0.29
608 605 0.01
606 607 0.28
607 606 0.64
606 608 0.83
608 606 0.45
606 609 0.31
609 606 0.88
606 998 0.77
998 606 0.12
607 608 0.49
608 607 0.79
607 609 0.49
609 607 0.73
608 609 0.29
609 608 0.98
608 610 0.42
610 608 0.47
608 611 0.38
611 608 0.34
609 611 0.76
611 609 0.87
609 612 0.74
612 609 0.2
610 611 0.01
611 610 0.02
610 612 0.21
612 610 0.28
610 613 0.36
613 610 0.92
611 612 0.09
612 611 0.09
611 613 0.68
613 611 0.1
611 814 0.85
814 611 0.22
612 613 0.07
613 612 0.39
612 614 0.62
614 612 0.2
612 874 0.44
874 612 0.41
613 615 0.24
615 613 0.87
613 629 0.04
629 613 0.03
614 615 0.69
615 614 0.2
614 616 0.02
616 614 0.48
614 617 0.94
617 614 0.32
614 728 0.06
728 614 0.48
614 788 0.67
788 614 0.17
615 616 0.57
616 615 0.51
615 617 0.31
617 615 0.98
615 789 0.68
789 615 0.82
616 617 0.92
617 616 0.41
616 618 0.61
618 616 0.21
616 619 0.4
619 616 0.54
617 618 0.9
618 617 0.5
617 620 0.34
620 617 0.53
617 679 0.57
679 617 0.62
617 984 0.28
984 617 0.24
618 619 0.86
619 618 0.99
618 621 0.98
621 618 0.44
618 689 0.04
689 618 0.92
618 723 0.22
723 618 0.16
619 620 0.29
620 619 0.24
619 621 0.75
621 619 0.9
619 622 0.37
622 619 0.29
620 621 0.48
621 620 0.2
620 622 0.71
622 620 0.05
620 623 0.23
623 620 0.76
621 624 0.09
624 621 0.58
621 877 0.26
877 621 0.04
622 623 0.95
623 622 0.07
622 624 0.27
624 622 0.23
622 625 0.61
625 622 0.72
623 624 0.67
624 623 0.97
623 626 0.89
626 623 0.18
623 931 0.91
931 623 0.29
624 625 0.22
625 624 0.06
624 626 0.53
626 624 0.32
624 627 0.8
627 624 0.1
625 626 0.26
626 625 0.71
625 627 0.81
627 625 0.01
625 628 0.47
628 625 0.32
626 627 0.9
627 626 0.41
626 628 0.27
628 626 0.29
627 857 0.06
857 627 0.29
628 630 0.94
630 628 0.18
628 631 0.07
631 628 0.81
629 630 0.44
630 629 0.67
629 631 0.93
631 629 0.99
629 632 0.74
632 629 0.74
630 632 0.22
632 630 0.54
631 632 0.05
632 631 0.53
631 633 0.75
633 631 0.15
631 634 0.75
634 631 0.28
632 633 0.09
633 632 0.85
632 634 0.25
634 632 0.94
632 635 0.75
635 632 0.98
633 634 0.57
634 633 0.04
633 635 0.36
635 633 0.2
633 636 0.36
636 633 0.04
634 636 0.35
636 634 0.66
634 637 0.44
637 634 0.19
635 636 0.06
636 635 0.85
635 637 0.54
637 635 0.07
635 638 0.18
638 635 0.78
636 637 0.02
637 636 0.41
636 638 0.64
638 636 0.77
636 639 0.57
639 636 0.38
637 638 0.04
638 637 0.51
637 639 0.64
639 637 0.91
637 640 0.15
640 637 0.9
638 639 0.19
639 638 0.59
638 640 0.04
640 638 0.09
638 641 0.27
641 638 0.22
638 975 0.64
975 638 0.74
639 642 0.29
642 639 0.26
639 664 0.51
664 639 0.35
639 956 0.32
956 639 0.05
640 641 0.54
641 640 0.73
640 642 0.62
642 640 0.26
640 643 0.64
643 640 0.75
641 643 0.63
643 641 0.83
641 644 0.69
644 641 0.37
642 643 0.56
643 642 0.93
642 644 0.34
644 642 0.21
642 795 0.18
795 642 0.02
642 806 0.75
806 642 0.7
643 644 0.19
644 643 0.25
643 645 0.31
645 643 0.23
643 646 0.69
646 643 0.71
644 645 0.01
645 644 0.12
644 646 0.86
646 644 0.38
644 647 0.3
647 644 0.93
645 646 0.91
646 645 0.65
645 647 0.86
647 645 0.82
645 648 0.09
648 645 0.56
646 647 0.95
647 646 0.5
646 648 0.28
648 646 0.3
646 649 0.08
649 646 0.55
647 648 0.49
648 647 0.34
647 649 0.1
649 647 0.64
647 650 0.58
650 647 0.48
648 649 0.79
649 648 0.98
648 650 0.96
650 648 0.28
648 651 0.46
651 648 0.96
648 898 0.62
898 648 0.89
649 650 0.42
650 649 0.18
649 651 0.4
651 649 0.38
649 652 0.71
652 649 0.84
650 651 0.69
651 650 0.48
650 652 0.02
652 650 0.44
650 676 0.98
676 650 0.42
651 652 0.55
652 651 0.37
651 653 0.93
653 651 0.35
651 654 0.87
654 651 0.08
651 963 0.5
963 651 0.97
652 653 0.39
653 652 0.53
652 654 0.08
654 652 0.04
652 655 0.92
655 652 0.94
652 793 0.24
793 652 0.87
652 945 0.28
945 652 0.19
653 654 0.25
654 653 0.3
653 655 0.54
655 653 0.91
653 656 0.05
656 653 0.15
654 655 0.54
655 654 0.68
654 657 0.49
657 654 0.38
655 671 0.83
671 655 0.67
655 740 0.47
740 655 0.79
656 657 0.6
657 656 0.16
656 658 0.09
658 656 0.63
656 659 0.37
659 656 0.85
657 659 0.9
659 657 0.58
657 660 0.84
660 657 0.48
657 683 0.6
683 657 0.66
658 659 0.9
659 658 0.2
658 660 0.34
660 658 0.38
658 661 1.0
661 658 0.91
659 660 0.72
660 659 0.38
659 662 0.36
662 659 0.94
659 822 0.63
822 659 0.54
660 661 0.38
661 660 0.92
660 662 0.27
662 660 0.11
660 663 0.79
663 660 0.15
661 662 0.57
662 661 0.35
661 663 0.81
663 661 0.03
661 664 0.31
664 661 0.65
662 663 0.49
663 662 0.01
662 664 0.09
664 662 0.69
662 665 0.16
665 662 0.81
663 664 0.74
664 663 0.33
663 666 0.7
666 663 0.17
664 666 0.71
666 664 0.27
664 776 0.95
776 664 0.59
665 666 0.55
666 665 0.57
665 667 0.96
667 665 0.7
665 668 0.01
668 665 0.78
666 667 0.73
667 666 0.08
666 668 0.18
668 666 0.08
667 668 0.31
668 667 0.85
667 669 0.16
669 667 0.67
667 670 0.91
670 667 0.88
668 669 0.21
669 668 0.34
668 670 0.8
670 668 0.76
668 671 0.3
671 668 0.02
669 670 0.18
670 669 0.83
669 671 0.76
671 669 0.34
669 672 0.44
672 669 0.98
670 671 0.7
671 670 0.28
670 672 0.2
672 670 0.28
670 673 0.81
673 670 0.09
670 957 0.84
957 670 0.67
671 672 0.73
672 671 0.39
671 674 0.1
674 671 0.12
671 694 0.66
694 671 0.22
672 674 0.11
674 672 0.51
672 675 0.95
675 672 0.17
672 799 0.04
799 672 0.76
673 674 0.24
674 673 0.03
673 675 0.38
675 673 0.13
673 676 0.89
676 673 0.79
674 676 0.21
676 674 0.86
675 676 0.45
676 675 0.35
675 678 0.86
678 675 0.3
675 798 0.97
798 675 0.55
676 677 0.15
677 676 0.41
676 678 0.69
678 676 0.45
677 678 0.1
678 677 0.82
677 679 0.75
679 677 0.83
677 680 0.31
680 677 0.1
678 679 0.63
679 678 0.98
678 680 0.15
680 678 0.5
678 681 0.98
681 678 0.51
678 843 0.25
843 678 0.06
679 728 0.18
728 679 0.3
679 942 0.03
942 679 0.57
680 681 0.93
681 680 0.06
680 682 0.36
682 680 0.43
680 683 0.13
683 680 0.17
681 682 0.43
682 681 0.9
681 683 0.79
683 681 0.72
681 684 0.57
684 681 0.27
682 683 1.0
683 682 0.36
682 684 0.75
684 682 0.6
682 685 0.18
685 682 0.28
683 686 0.9
686 683 0.85
684 687 0.53
687 684 0.22
684 704 0.56
704 684 0.37
684 935 0.11
935 684 0.53
685 686 0.64
686 685 0.4
685 687 0.86
687 685 0.69
685 688 0.99
688 685 0.4
686 688 0.2
688 686 0.3
686 689 0.07
689 686 0.43
687 689 0.68
689 687 0.84
687 690 0.24
690 687 0.92
688 689 0.89
689 688 0.88
688 690 0.51
690 688 0.89
688 691 0.51
691 688 0.54
689 690 0.5
690 689 0.91
689 692 0.72
692 689 0.72
690 691 0.33
691 690 0.87
690 692 0.19
692 690 0.03
690 693 0.87
693 690 0.51
691 692 0.87
692 691 0.44
691 693 0.28
693 691 0.68
691 694 0.77
694 691 0.63
692 695 0.78
695 692 0.99
692 741 0.86
741 692 0.34
693 694 0.47
694 693 0.39
693 695 0.24
695 693 0.45
693 696 0.97
696 693 0.62
693 862 0.56
862 693 0.38
693 922 0.29
922 693 0.24
694 696 0.84
696 694 0.5
694 697 0.88
697 694 0.41
695 697 0.72
697 695 0.69
695 698 0.7
698 695 0.2
695 944 0.16
944 695 0.0
696 697 0.13
697 696 0.45
696 698 0.81
698 696 0.96
696 699 1.0
699 696 0.32
697 699 0.06
699 697 0.34
698 710 0.36
710 698 0.32
698 792 0.14
792 698 0.17
698 845 0.66
845 698 0.92
699 700 0.1
700 699 0.95
699 701 0.17
701 699 0.2
699 702 0.38
702 699 0.49
700 701 0.34
701 700 0.24
700 702 0.88
702 700 0.2
700 703 0.57
703 700 0.1
701 703 0.84
703 701 0.45
701 704 0.82
704 701 0.82
701 891 0.85
891 701 0.63
702 704 0.35
704 702 0.41
702 705 0.23
705 702 0.5
703 704 0.34
704 703 0.01
703 705 0.64
705 703 0.72
703 757 0.33
757 703 0.16
704 706 0.58
706 704 0.01
704 707 0.28
707 704 0.43
705 707 0.79
707 705 0.34
705 897 0.97
897 705 0.3
706 708 0.74
708 706 0.18
706 709 0.14
709 706 0.44
707 708 0.99
708 707 0.49
707 709 0.56
709 707 0.97
707 710 0.7
710 707 0.18
708 710 0.31
710 708 0.43
709 710 0.18
710 709 0.81
709 712 0.3
712 709 0.22
710 712 0.73
712 710 0.51
711 712 0.75
712 711 0.37
711 713 0.46
713 711 0.11
711 714 0.62
714 711 0.52
712 713 0.02
713 712 0.71
712 714 0.53
714 712 0.1
712 715 0.88
715 712 0.77
713 715 0.67
715 713 0.76
713 716 0.98
716 713 0.52
714 715 0.64
715 714 0.48
714 716 0.23
716 714 0.94
714 717 0.21
717 714 0.14
715 716 0.2
716 715 0.65
715 717 0.98
717 715 0.54
715 718 0.73
718 715 0.55
716 717 0.92
717 716 0.26
716 719 0.35
719 716 0.96
717 718 0.96
718 717 0.92
717 720 0.39
720 717 0.2
717 741 0.68
741 717 0.6
717 870 0.81
870 717 0.52
718 719 0.5
719 718 0.1
718 720 0.94
720 718 0.68
718 721 0.71
721 718 0.92
719 720 0.44
720 719 0.5
719 722 0.78
722 719 0.38
719 938 0.12
938 719 0.51
720 721 0.58
721 720 0.46
720 722 0.1
722 720 0.84
720 723 0.35
723 720 0.11
721 722 0.86
722 721 0.85
721 723 0.07
723 721 0.78
721 724 0.39
724 721 0.27
722 723 0.59
723 722 0.26
722 724 0.02
724 722 0.45
722 725 0.79
725 722 0.65
723 724 0.48
724 723 0.86
723 725 0.08
725 723 0.07
723 726 0.79
726 723 0.24
724 725 0.93
725 724 0.68
724 726 0.92
726 724 0.01
724 727 0.2
727 724 0.59
725 727 0.8
727 725 0.34
725 758 0.53
758 725 0.08
726 727 0.5
727 726 0.53
726 728 0.17
728 726 0.59
726 729 0.94
729 726 0.99
727 728 0.25
728 727 0.6
728 729 0.09
729 728 0.61
728 730 0.14
730 728 0.61
729 731 0.39
731 729 0.78
729 732 0.34
732 729 0.93
730 733 0.4
733 730 0.26
731 732 0.84
732 731 0.45
731 733 0.42
733 731 0.62
731 734 0.24
734 731 0.89
732 733 0.12
733 732 0.52
732 734 0.44
734 732 0.98
733 735 0.12
735 733 0.54
733 736 0.0
736 733 0.73
733 843 0.4
843 733 0.33
734 735 0.15
735 734 0.37
734 737 0.43
737 734 0.24
735 736 0.7
736 735 0.38
735 737 0.41
737 735 0.0
735 738 0.17
738 735 0.77
736 892 0.66
892 736 0.5
737 738 0.22
738 737 0.48
737 739 0.83
739 737 0.56
738 740 0.9
740 738 0.83
738 741 0.9
741 738 0.33
739 740 0.92
740 739 0.65
739 742 0.48
742 739 0.44
739 828 0.97
828 739 0.45
740 741 0.45
741 740 0.73
740 742 0.1
742 740 0.25
740 743 0.13
743 740 0.69
741 743 0.39
743 741 0.28
742 743 0.21
743 742 0.68
742 744 0.64
744 742 0.31
742 745 0.3
745 742 0.68
743 745 0.9
745 743 0.14
743 965 0.11
965 743 0.08
744 746 0.99
746 744 0.12
744 747 0.61
747 744 0.53
745 746 0.0
746 745 0.8
745 747 0.73
747 745 0.71
745 748 0.84
748 745 0.52
746 747 0.4
747 746 0.84
746 748 0.01
748 746 0.24
746 749 0.55
749 746 0.83
747 748 0.88
748 747 0.7
747 749 0.04
749 747 0.81
747 750 0.85
750 747 0.12
748 749 0.98
749 748 0.2
748 843 0.73
843 748 0.25
748 845 0.2
845 748 0.49
749 750 0.13
750 749 0.29
749 751 0.58
751 749 0.84
750 751 0.43
751 750 0.73
750 752 0.92
752 750 0.47
750 753 0.12
753 750 0.21
751 752 0.76
752 751 0.54
751 753 0.89
753 751 0.06
751 754 0.77
754 751 0.46
751 788 0.96
788 751 0.26
752 753 0.77
753 752 0.01
753 754 0.25
754 753 0.08
753 755 0.56
755 753 0.04
753 756 0.79
756 753 0.62
754 755 0.56
755 754 0.01
754 756 0.11
756 754 0.45
754 757 0.59
757 754 0.68
755 757 0.51
757 755 0.61
755 758 0.82
758 755 0.77
755 815 0.84
815 755 0.09
755 829 0.69
829 755 0.4
756 757 0.26
757 756 0.54
756 758 0.46
758 756 0.23
756 759 0.98
759 756 0.83
756 919 0.09
919 756 0.06
757 758 0.31
758 757 0.59
757 759 0.77
759 757 0.2
757 760 0.85
760 757 0.71
758 759 0.2
759 758 0.53
758 760 0.91
760 758 0.65
758 761 0.62
761 758 0.09
759 760 0.67
760 759 0.71
759 761 0.61
761 759 0.16
759 762 0.39
762 759 0.04
760 761 0.69
761 760 0.64
760 762 0.55
762 760 0.93
760 763 0.54
763 760 0.03
761 762 0.33
762 761 0.39
761 763 0.82
763 761 0.89
761 768 0.86
768 761 0.57
762 763 0.71
763 762 0.94
762 764 0.1
764 762 0.76
762 765 0.53
765 762 0.2
763 764 0.77
764 763 0.18
763 766 0.07
766 763 0.82
764 765 0.67
765 764 0.4
764 766 0.65
766 764 0.4
764 767 0.9
767 764 0.68
765 766 0.93
766 765 0.29
765 768 0.99
768 765 0.18
766 767 0.27
767 766 0.32
766 768 0.5
768 766 0.56
766 769 0.64
769 766 0.77
767 768 0.93
768 767 0.92
767 770 0.84
770 767 0.52
768 770 0.83
770 768 0.07
768 771 0.55
771 768 0.16
769 770 0.67
770 769 0.12
769 772 0.17
772 769 0.65
770 771 0.79
771 770 0.7
770 772 0.58
772 770 0.24
770 773 0.72
773 770 0.23
770 885 0.18
885 770 0.63
771 772 0.56
772 771 0.17
771 774 0.59
774 771 0.24
771 881 0.56
881 771 0.54
772 773 0.73
773 772 0.73
772 774 0.52
774 772 0.91
772 775 0.92
775 772 0.38
773 774 0.57
774 773 0.2
773 775 0.85
775 773 0.55
773 776 0.02
776 773 0.44
774 775 0.3
775 774 0.67
774 777 0.62
777 774 0.27
774 818 0.08
818 774 0.48
775 776 0.97
776 775 0.98
775 777 0.79
777 775 0.74
775 778 0.38
778 775 0.87
776 778 0.6
778 776 0.64
776 779 0.3
779 776 0.74
776 929 0.81
929 776 0.06
777 778 0.31
778 777 0.59
777 780 0.97
780 777 0.34
777 872 0.72
872 777 0.48
778 779 0.7
779 778 0.88
778 780 0.3
780 778 0.08
778 781 0.69
781 778 0.19
778 978 0.68
978 778 0.54
779 780 0.05
780 779 0.1
779 781 0.31
781 779 0.08
779 782 0.28
782 779 0.09
780 782 0.09
782 780 0.53
780 792 0.11
792 780 0.15
781 783 0.97
783 781 0.88
781 887 0.72
887 781 0.56
781 888 0.86
888 781 0.88
782 784 0.94
784 782 0.9
782 828 0.87
828 782 0.04
783 784 0.06
784 783 0.13
783 785 0.42
785 783 0.81
783 786 0.95
786 783 0.76
784 785 0.26
785 784 0.34
784 787 0.59
787 784 0.5
784 927 0.76
927 784 0.47
785 788 0.39
788 785 0.9
786 787 0.07
787 786 0.47
786 788 0.01
788 786 0.71
786 789 0.81
789 786 0.24
787 788 0.54
788 787 0.42
787 789 0.39
789 787 0.22
788 789 0.64
789 788 0.89
789 790 0.62
790 789 0.28
789 791 0.72
791 789 0.47
789 792 0.17
792 789 0.35
790 791 0.69
791 790 0.28
790 792 0.63
792 790 0.73
790 793 0.6
793 790 0.28
791 792 0.16
792 791 0.79
791 793 0.18
793 791 0.95
791 794 0.09
794 791 0.31
792 793 0.99
793 792 0.29
792 794 0.88
794 792 0.46
792 795 0.58
795 792 0.46
793 795 0.44
795 793 0.19
794 795 0.22
795 794 0.25
794 796 0.24
796 794 0.27
794 797 0.55
797 794 0.91
795 797 0.83
797 795 0.12
796 797 0.59
797 796 0.65
796 798 0.91
798 796 0.13
797 798 0.82
798 797 0.91
797 800 0.13
800 797 0.01
798 799 0.12
799 798 0.28
798 801 0.64
801 798 0.16
798 854 0.89
854 798 0.3
799 801 0.6
801 799 0.11
799 802 0.7
802 799 0.12
800 802 0.43
802 800 0.43
800 803 0.31
803 800 0.62
800 938 0.28
938 800 0.63
801 802 0.21
802 801 0.05
801 804 0.65
804 801 0.27
802 803 0.8
803 802 0.05
802 805 0.41
805 802 0.88
802 912 1.0
912 802 0.5
803 804 0.45
804 803 0.03
803 805 0.26
805 803 0.64
803 806 0.4
806 803 0.06
804 805 0.48
805 804 0.06
804 806 0.52
806 804 0.21
804 807 0.74
807 804 0.35
805 807 0.69
807 805 0.08
805 856 0.13
856 805 0.27
806 807 0.63
807 806 0.07
806 808 0.93
808 806 0.77
806 809 0.61
809 806 0.5
807 808 0.09
808 807 0.8
807 809 0.38
809 807 0.84
807 988 0.61
988 807 0.97
808 809 0.47
809 808 0.75
808 811 0.62
811 808 0.92
808 962 0.61
962 808 0.82
809 810 0.31
810 809 0.4
809 812 0.76
812 809 0.31
809 861 0.26
861 809 0.62
810 811 0.81
811 810 0.19
810 812 0.41
812 810 0.07
810 813 0.59
813 810 0.1
810 875 0.56
875 810 0.5
811 812 0.39
812 811 0.18
811 813 0.08
813 811 0.07
811 814 0.77
814 811 0.1
811 921 0.9
921 811 0.89
812 813 0.57
813 812 0.34
812 814 0.45
814 812 0.04
812 815 0.89
815 812 0.42
813 814 0.04
814 813 0.57
813 815 0.5
815 813 0.08
813 816 0.37
816 813 0.32
814 815 0.55
815 814 0.78
814 816 0.73
816 814 0.54
814 817 0.26
817 814 0.12
814 928 0.78
928 814 0.22
815 818 0.3
818 815 0.07
816 818 0.44
818 816 0.14
817 819 0.16
819 817 0.71
817 820 0.59
820 817 0.17
817 880 0.91
880 817 0.8
818 819 0.3
819 818 0.17
818 820 0.38
820 818 0.37
819 821 0.29
821 819 0.24
819 822 0.37
822 819 0.43
820 821 0.03
821 820 0.42
820 822 0.3
822 820 0.1
820 823 0.29
823 820 0.99
821 822 0.59
822 821 0.4
821 824 0.4
824 821 0.11
822 824 0.14
824 822 0.91
822 825 0.37
825 822 0.61
822 998 0.05
998 822 0.19
823 824 0.02
824 823 0.91
823 825 0.61
825 823 0.37
823 826 0.46
826 823 0.79
824 825 0.81
825 824 0.96
824 826 0.24
826 824 0.32
824 827 0.16
827 824 0.62
825 826 0.04
826 825 0.03
825 828 0.59
828 825 0.89
825 940 0.51
940 825 0.25
826 828 0.83
828 826 0.14
826 867 0.96
867 826 0.59
827 829 0.7
829 827 0.8
827 830 0.11
830 827 0.76
828 829 0.75
829 828 0.56
828 830 0.35
830 828 0.26
828 831 0.8
831 828 0.27
828 976 0.43
976 828 0.8
829 830 0.57
830 829 0.93
829 832 0.22
832 829 0.15
830 831 0.73
831 830 0.72
830 832 0.66
832 830 0.38
830 833 0.28
833 830 0.9
831 832 0.79
832 831 0.59
831 833 0.71
833 831 0.55
831 834 0.68
834 831 0.35
832 835 0.84
835 832 0.23
832 859 0.11
859 832 0.3
832 875 0.89
875 832 0.37
833 834 0.41
834 833 0.05
833 835 0.61
835 833 0.42
833 836 0.1
836 833 0.87
834 836 0.56
836 834 0.31
834 837 0.53
837 834 0.63
835 836 0.9
836 835 0.38
835 837 0.59
837 835 0.84
836 838 0.34
838 836 0.02
836 839 0.97
839 836 0.15
836 951 0.07
951 836 0.2
837 839 0.72
839 837 0.88
837 840 0.52
840 837 0.18
837 844 0.05
844 837 0.11
838 839 0.7
839 838 0.38
838 841 0.65
841 838 0.31
838 861 0.21
861 838 0.16
839 840 0.65
840 839 0.82
839 841 0.73
841 839 0.13
839 842 0.52
842 839 0.94
840 841 0.89
841 840 0.24
840 842 0.94
842 840 0.35
840 843 0.65
843 840 0.85
841 843 0.05
843 841 0.02
841 844 0.25
844 841 0.99
841 895 0.7
895 841 0.01
842 844 0.13
844 842 0.35
842 845 0.49
845 842 0.7
842 972 0.53
972 842 0.21
843 845 0.83
845 843 0.81
843 846 0.27
846 843 0.99
844 845 0.38
845 844 0.29
844 846 0.53
846 844 1.0
844 847 0.98
847 844 0.33
845 846 0.02
846 845 0.58
845 847 0.44
847 845 0.68
846 847 0.93
847 846 0.16
846 848 0.77
848 846 0.18
846 940 0.01
940 846 0.94
847 849 0.33
849 847 0.78
847 850 0.12
850 847 0.95
847 942 0.91
942 847 0.06
848 849 0.5
849 848 0.72
848 850 0.17
850 848 0.99
849 850 0.25
850 849 0.74
849 851 0.42
851 849 0.67
849 852 0.6
852 849 0.84
850 852 0.16
852 850 0.2
850 853 0.81
853 850 0.72
851 852 0.17
852 851 0.61
851 853 0.59
853 851 0.4
851 854 0.86
854 851 0.47
852 853 0.05
853 852 0.99
852 854 0.44
854 852 0.69
852 855 0.88
855 852 0.96
853 854 0.94
854 853 0.46
853 855 0.13
855 853 0.35
853 856 0.39
856 853 0.74
854 857 0.0
857 854 0.3
855 856 0.16
856 855 0.36
855 857 0.15
857 855 0.39
855 858 0.6
858 855 0.41
856 857 0.45
857 856 0.09
856 858 0.76
858 856 0.63
856 859 0.07
859 856 0.55
856 959 0.82
959 856 0.09
857 859 0.24
859 857 0.31
857 928 0.29
928 857 0.68
858 859 0.68
859 858 0.71
859 861 0.51
861 859 0.6
860 861 0.19
861 860 0.88
860 862 0.63
862 860 0.72
860 863 0.28
863 860 0.45
861 862 0.74
862 861 0.16
861 863 0.48
863 861 0.2
861 864 0.32
864 861 0.92
862 863 0.39
863 862 0.97
862 864 0.01
864 862 0.92
863 864 0.1
864 863 0.39
863 884 0.02
884 863 0.54
864 865 0.09
865 864 0.84
864 867 0.31
867 864 0.58
865 867 0.26
867 865 0.15
865 868 0.67
868 865 0.48
866 867 0.93
867 866 0.32
866 868 0.07
868 866 0.96
867 869 0.3
869 867 0.52
867 870 0.8
870 867 0.43
868 869 0.74
869 868 0.96
868 870 0.37
870 868 0.0
869 870 0.02
870 869 0.73
869 871 0.58
871 869 0.61
870 871 0.83
871 870 0.93
870 872 0.3
872 870 0.71
870 873 0.24
873 870 0.88
871 872 0.66
872 871 0.91
871 873 0.2
873 871 0.4
871 874 0.13
874 871 0.73
872 873 0.21
873 872 0.77
873 876 0.23
876 873 0.09
873 984 0.62
984 873 0.16
874 875 0.4
875 874 0.84
874 876 0.27
876 874 0.25
874 877 0.54
877 874 0.29
875 877 0.11
877 875 0.42
876 878 0.48
878 876 0.58
876 879 0.0
879 876 0.51
877 878 0.66
878 877 0.18
877 879 0.09
879 877 0.17
877 880 0.51
880 877 0.68
878 880 0.66
880 878 0.56
878 881 0.53
881 878 0.05
879 881 0.44
881 879 0.49
879 889 0.94
889 879 0.07
880 881 0.29
881 880 0.97
880 882 0.75
882 880 0.92
880 883 0.17
883 880 0.78
881 882 0.96
882 881 0.07
881 883 0.24
883 881 0.94
881 884 0.81
884 881 0.75
881 893 0.11
893 881 0.42
882 883 0.26
883 882 0.84
882 884 0.86
884 882 0.39
882 885 0.68
885 882 0.45
883 884 0.13
884 883 0.21
883 885 0.03
885 883 0.62
883 886 0.45
886 883 0.04
884 885 0.75
885 884 0.07
884 886 0.34
886 884 0.96
884 887 0.44
887 884 0.16
885 887 0.33
887 885 0.91
885 888 0.42
888 885 0.32
886 887 0.07
887 886 0.41
886 889 0.07
889 886 0.5
887 888 0.7
888 887 0.69
887 890 0.99
890 887 0.09
888 889 0.71
889 888 0.94
888 890 0.55
890 888 0.42
888 891 0.58
891 888 0.95
889 890 0.27
890 889 0.75
889 891 0.16
891 889 0.26
889 892 0.43
892 889 0.95
890 891 0.84
891 890 0.97
890 892 0.42
892 890 0.45
891 892 0.51
892 891 0.52
891 894 0.17
894 891 0.98
891 970 0.91
970 891 0.95
892 893 0.97
893 892 0.72
892 894 0.97
894 892 0.44
892 895 0.83
895 892 0.93
893 894 0.11
894 893 0.86
893 896 0.36
896 893 0.49
893 977 0.54
977 893 0.17
894 895 0.78
895 894 0.49
894 896 0.69
896 894 0.32
894 897 0.75
897 894 0.07
895 896 0.8
896 895 0.07
895 897 0.03
897 895 0.75
895 898 0.17
898 895 0.57
896 897 0.63
897 896 0.71
896 898 0.16
898 896 0.27
896 899 0.75
899 896 0.55
897 898 0.33
898 897 0.55
897 899 0.74
899 897 0.44
897 900 0.99
900 897 0.58
897 925 0.11
925 897 0.2
898 900 0.0
900 898 0.59
898 901 0.8
901 898 0.67
899 900 0.29
900 899 0.2
899 901 0.59
901 899 0.56
899 902 0.84
902 899 0.15
900 901 0.22
901 900 0.41
900 903 0.13
903 900 0.43
901 902 0.65
902 901 0.29
901 903 0.28
903 901 0.45
901 904 0.83
904 901 0.08
902 903 0.73
903 902 0.59
902 904 0.88
904 902 0.32
903 904 0.66
904 903 0.87
903 905 0.0
905 903 0.58
903 906 0.94
906 903 0.62
904 905 0.55
905 904 0.93
904 906 0.78
906 904 0.38
904 907 0.69
907 904 0.54
905 906 0.67
906 905 0.64
905 907 0.79
907 905 0.26
905 908 0.93
908 905 0.52
906 907 0.59
907 906 0.47
906 908 0.8
908 906 0.88
906 909 0.71
909 906 0.9
907 908 0.73
908 907 0.8
907 909 0.82
909 907 0.59
907 910 0.97
910 907 0.75
908 909 0.71
909 908 0.06
908 910 0.36
910 908 0.62
908 911 0.95
911 908 0.44
908 931 0.72
931 908 0.96
909 910 0.16
910 909 0.76
909 911 0.18
911 909 0.46
909 912 0.64
912 909 0.69
910 912 0.38
912 910 0.19
910 913 0.62
913 910 0.59
911 912 0.46
912 911 0.81
911 913 0.45
913 911 0.89
911 914 0.41
914 911 0.5
912 914 0.34
914 912 0.66
912 915 0.25
915 912 0.14
913 914 0.2
914 913 0.96
913 915 0.51
915 913 0.4
913 916 0.81
916 913 0.93
914 915 0.46
915 914 0.81
914 916 0.1
916 914 0.4
914 924 0.02
924 914 0.97
915 916 0.52
916 915 0.39
915 917 0.74
917 915 0.48
915 918 0.91
918 915 0.57
916 917 0.92
917 916 0.17
916 918 0.85
918 916 0.0
916 919 0.05
919 916 0.93
917 918 0.98
918 917 0.49
917 919 0.74
919 917 0.23
917 920 0.7
920 917 0.38
918 919 0.46
919 918 0.74
918 920 0.49
920 918 0.73
918 921 0.92
921 918 0.71
919 920 0.18
920 919 0.49
919 922 0.39
922 919 0.11
920 921 0.35
921 920 0.78
920 922 0.41
922 920 0.2
920 923 0.3
923 920 0.2
920 943 0.03
943 920 0.58
921 923 0.95
923 921 0.66
921 924 0.31
924 921 0.97
922 924 0.89
924 922 0.18
922 925 0.99
925 922 0.48
923 924 0.82
924 923 0.32
923 925 0.12
925 923 0.13
923 926 0.37
926 923 0.19
924 925 0.66
925 924 0.61
924 926 0.6
926 924 0.01
924 927 0.87
927 924 0.08
925 926 0.75
926 925 0.41
925 928 0.09
928 925 0.62
926 927 0.25
927 926 0.91
926 929 0.65
929 926 0.58
927 928 0.96
928 927 0.59
927 930 0.91
930 927 0.71
928 929 0.68
929 928 0.97
929 930 0.5
930 929 0.81
929 931 0.0
931 929 0.7
929 932 0.27
932 929 0.97
930 931 0.2
931 930 0.1
931 932 0.69
932 931 0.41
931 933 0.61
933 931 0.8
932 933 0.57
933 932 0.24
932 934 0.58
934 932 0.19
932 935 0.85
935 932 0.51
933 934 0.79
934 933 0.7
933 935 0.16
935 933 0.71
933 936 0.09
936 933 0.26
934 935 0.59
935 934 0.67
934 936 0.84
936 934 0.03
934 937 0.28
937 934 0.9
935 936 0.71
936 935 0.67
935 937 0.24
937 935 0.54
935 938 0.88
938 935 0.1
936 937 0.08
937 936 0.5
936 938 0.17
938 936 0.29
936 939 0.5
939 936 0.63
937 938 0.61
938 937 0.76
937 939 0.9
939 937 0.83
937 940 0.92
940 937 0.39
938 939 0.31
939 938 0.63
938 941 0.93
941 938 0.64
939 941 0.7
941 939 0.51
939 942 0.14
942 939 0.67
940 943 0.38
943 940 0.04
941 942 0.27
942 941 0.65
941 943 0.01
943 941 0.26
942 944 0.22
944 942 0.76
943 944 0.37
944 943 0.94
943 945 0.38
945 943 0.13
944 946 0.59
946 944 0.38
944 947 0.6
947 944 0.4
945 946 0.62
946 945 0.42
946 947 0.35
947 946 0.83
946 948 0.71
948 946 0.68
946 949 0.49
949 946 0.84
947 948 0.08
948 947 0.87
947 949 0.81
949 947 0.08
947 950 0.9
950 947 0.33
948 949 0.52
949 948 0.28
948 950 0.56
950 948 0.78
948 951 0.75
951 948 0.14
949 950 0.22
950 949 0.09
949 951 0.5
951 949 0.64
950 951 0.0
951 950 0.39
950 953 0.45
953 950 0.35
951 952 0.4
952 951 0.42
951 953 0.75
953 951 0.37
951 954 0.89
954 951 0.11
952 953 0.95
953 952 0.75
952 954 0.56
954 952 0.63
952 955 0.69
955 952 0.18
953 954 0.07
954 953 0.76
953 955 0.13
955 953 0.02
954 955 0.1
955 954 0.55
954 957 0.04
957 954 0.61
955 956 0.12
956 955 0.63
955 957 0.02
957 955 0.68
955 958 0.91
958 955 0.44
956 957 0.99
957 956 0.19
956 959 0.05
959 956 0.56
957 959 0.69
959 957 0.57
957 960 0.56
960 957 0.97
957 973 0.64
973 957 0.97
958 959 0.78
959 958 0.04
958 960 0.9
960 958 0.5
958 961 0.95
961 958 0.53
959 960 0.14
960 959 0.74
959 961 0.05
961 959 0.0
960 961 0.35
961 960 0.5
960 962 0.48
962 960 0.1
960 963 0.37
963 960 0.81
961 962 0.6
962 961 0.34
961 963 0.76
963 961 0.99
961 964 0.85
964 961 0.53
962 963 0.05
963 962 0.59
962 964 0.16
964 962 0.54
962 965 0.46
965 962 0.29
963 966 0.62
966 963 0.93
964 965 0.05
965 964 0.41
964 966 0.53
966 964 0.71
964 967 0.73
967 964 0.82
965 966 0.45
966 965 0.17
965 967 0.72
967 965 0.94
965 968 0.38
968 965 0.31
966 967 0.17
967 966 0.94
966 968 0.78
968 966 0.17
966 969 0.98
969 966 0.73
967 968 0.63
968 967 0.44
967 969 0.93
969 967 0.78
967 970 1.0
970 967 0.34
968 969 0.2
969 968 0.96
968 970 0.32
970 968 0.5
968 971 0.85
971 968 0.8
969 970 0.41
970 969 0.35
969 971 0.83
971 969 0.08
969 972 0.86
972 969 0.9
970 972 0.95
972 970 0.41
970 973 0.26
973 970 0.34
971 972 0.73
972 971 0.78
971 974 0.97
974 971 0.6
972 973 0.64
973 972 0.35
973 975 0.53
975 973 0.39
973 976 0.23
976 973 0.46
974 975 0.08
975 974 0.44
974 976 0.8
976 974 0.57
974 977 0.06
977 974 0.34
975 976 0.52
976 975 0.44
976 978 0.72
978 976 0.77
976 979 0.87
979 976 0.7
977 978 0.87
978 977 0.84
977 979 0.16
979 977 0.7
978 979 0.49
979 978 0.57
979 980 0.33
980 979 0.08
979 981 0.51
981 979 0.33
979 982 0.87
982 979 0.44
980 981 0.52
981 980 0.44
980 983 0.83
983 980 0.16
981 982 0.61
982 981 0.15
981 983 0.36
983 981 0.89
981 984 0.23
984 981 0.63
982 984 0.94
984 982 0.21
982 985 0.34
985 982 0.18
983 984 0.74
984 983 0.84
983 985 0.36
985 983 0.16
983 986 0.28
986 983 0.71
984 985 0.52
985 984 0.46
984 986 0.43
986 984 0.02
985 986 0.22
986 985 0.33
985 987 0.24
987 985 0.32
985 988 0.23
988 985 0.56
986 988 0.75
988 986 0.68
986 989 0.03
989 986 0.9
987 988 0.08
988 987 0.45
987 989 0.31
989 987 0.84
987 990 0.08
990 987 0.54
988 989 0.1
989 988 0.14
988 991 0.17
991 988 0.9
989 990 0.61
990 989 0.87
989 991 0.71
991 989 0.78
990 991 0.72
991 990 0.24
990 992 0.96
992 990 0.64
990 993 0.91
993 990 0.63
991 992 0.96
992 991 0.28
991 993 0.47
993 991 0.42
991 994 0.25
994 991 0.59
992 993 0.9
993 992 0.0
992 994 0.27
994 992 0.86
993 995 0.68
995 993 0.6
993 996 0.74
996 993 0.2
994 995 0.89
995 994 0.37
994 996 0.65
996 994 0.33
994 997 0.62
997 994 0.32
995 996 0.67
996 995 0.27
995 997 0.28
997 995 0.33
995 998 0.18
998 995 0.24
996 997 0.34
997 996 0.96
996 998 0.02
998 996 0.16
996 999 0.17
999 996 0.79
997 998 0.54
998 997 0.51
997 999 0.75
999 997 0.11
998 999 0.03
999 998 0.81
