0 1 0.09
1 0 0.97
0 2 0.66
2 0 0.22
0 3 0.85
3 0 0.16
0 76 0.7
76 0 0.27
0 98 0.66
98 0 0.83
0 99 0.55
99 0 0.58
1 2 0.03
2 1 0.24
1 3 0.27
3 1 0.31
1 12 0.11
12 1 0.17
1 98 0.86
98 1 0.35
1 99 0.12
99 1 0.35
2 3 0.62
3 2 0.79
2 4 0.03
4 2 0.22
2 7 0.69
7 2 0.41
3 4 0.22
4 3 0.86
3 5 0.36
5 3 0.67
3 49 0.58
49 3 0.69
4 5 0.33
5 4 0.87
4 6 0.5
6 4 0.25
4 70 0.71
70 4 0.69
5 6 0.86
6 5 0.66
5 7 0.04
7 5 0.94
5 8 0.81
8 5 0.89
5 87 0.33
87 5 0.6
6 7 0.18
7 6 0.43
6 23 0.63
23 6 0.6
6 85 0.4
85 6 0.72
7 9 0.75
9 7 0.26
7 10 0.56
10 7 0.89
7 11 0.55
11 7 0.63
7 73 0.5
73 7 0.1
8 9 0.9
9 8 0.61
8 10 0.84
10 8 0.21
8 11 0.91
11 8 0.9
8 75 0.69
75 8 0.12
9 10 0.93
10 9 0.35
9 11 0.4
11 9 0.64
9 12 0.52
12 9 0.23
10 12 0.85
12 10 0.79
10 13 0.75
13 10 0.47
10 87 0.49
87 10 0.01
11 13 0.8
13 11 0.54
11 14 0.79
14 11 0.17
12 13 0.43
13 12 0.42
12 14 0.97
14 12 0.63
12 15 0.53
15 12 0.6
12 97 0.81
97 12 0.93
13 14 0.13
14 13 0.33
13 15 0.43
15 13 0.39
13 27 0.5
27 13 0.35
14 16 0.93
16 14 0.02
14 17 0.82
17 14 0.2
14 36 0.73
36 14 0.48
14 73 0.41
73 14 0.14
14 77 0.4
77 14 0.97
15 16 0.23
16 15 0.61
15 17 0.62
17 15 0.85
15 38 0.94
38 15 0.55
15 48 0.09
48 15 0.68
15 56 0.25
56 15 0.98
15 66 0.82
66 15 0.01
16 17 0.18
17 16 0.37
16 18 0.29
18 16 0.73
16 19 0.68
19 16 0.04
17 18 0.29
18 17 0.18
17 19 0.42
19 17 0.06
17 20 0.53
20 17 0.3
17 91 0.69
91 17 0.05
18 19 0.42
19 18 0.67
18 20 0.95
20 18 0.8
18 42 0.94
42 18 0.83
19 20 0.49
20 19 0.41
19 21 0.6
21 19 0.68
19 22 0.85
22 19 0.97
20 21 0.36
21 20 0.87
20 22 0.15
22 20 0.05
20 23 0.33
23 20 0.26
21 23 0.47
23 21 0.69
21 24 0.49
24 21 0.7
21 90 0.13
90 21 0.61
21 99 0.54
99 21 0.74
22 23 0.54
23 22 0.09
22 24 0.14
24 22 0.91
22 25 0.14
25 22 0.42
23 24 0.32
24 23 0.38
23 25 0.83
25 23 0.92
23 26 0.19
26 23 0.34
23 85 0.78
85 23 0.95
24 25 0.33
25 24 0.11
24 26 0.22
26 24 0.53
24 49 0.38
49 24 0.98
24 52 0.7
52 24 0.12
25 26 0.08
26 25 0.41
25 27 0.98
27 25 0.77
25 28 0.4
28 25 0.69
26 27 0.71
27 26 0.42
26 28 0.11
28 26 0.6
26 29 0.14
29 26 0.74
27 28 0.95
28 27 0.94
27 29 0.8
29 27 0.36
27 30 0.94
30 27 0.88
28 29 0.2
29 28 0.6
28 30 0.03
30 28 0.14
28 31 0.16
31 28 0.14
29 30 0.58
30 29 0.25
29 31 0.81
31 29 0.52
29 32 0.06
32 29 0.88
29 43 0.73
43 29 1.0
30 31 0.44
31 30 0.02
30 33 0.99
33 30 0.7
30 95 0.6
95 30 0.2
31 32 0.2
32 31 0.83
31 33 0.7
33 31 0.27
31 34 0.05
34 31 0.03
32 33 0.79
33 32 0.17
32 34 0.29
34 32 0.05
32 35 0.42
35 32 0.96
32 61 0.9
61 32 0.23
33 34 0.46
34 33 0.26
33 35 0.65
35 33 0.65
33 36 0.76
36 33 0.11
33 50 0.7
50 33 0.53
34 35 0.77
35 34 0.89
34 36 0.44
36 34 0.27
34 53 0.37
53 34 0.55
35 36 0.86
36 35 0.2
35 37 0.82
37 35 0.8
35 38 0.27
38 35 0.22
36 37 0.53
37 36 0.56
36 38 0.54
38 36 0.4
36 39 0.57
39 36 0.6
37 38 0.68
38 37 0.4
37 39 0.66
39 37 0.35
37 40 0.62
40 37 0.77
38 40 0.63
40 38 0.83
38 41 1.0
41 38 0.8
38 47 0.86
47 38 0.28
39 40 0.36
40 39 0.32
39 42 0.45
42 39 0.12
39 59 0.27
59 39 0.42
39 99 0.77
99 39 0.14
40 41 0.18
41 40 0.82
40 42 0.57
42 40 0.53
40 43 0.95
43 40 0.46
41 42 0.92
42 41 0.21
41 43 0.14
43 41 0.52
41 44 0.27
44 41 0.48
41 62 0.52
62 41 0.49
42 43 0.67
43 42 0.1
42 44 0.1
44 42 0.72
42 45 0.06
45 42 0.06
43 44 0.19
44 43 0.31
43 46 0.37
46 43 0.48
43 47 0.38
47 43 0.04
44 45 0.15
45 44 0.06
44 47 0.83
47 44 0.41
44 57 0.05
57 44 0.46
45 46 0.5
46 45 0.56
45 47 0.8
47 45 0.47
45 48 0.34
48 45 0.66
45 70 0.01
70 45 0.33
45 80 0.97
80 45 0.11
46 47 0.75
47 46 0.81
46 48 0.94
48 46 0.13
46 53 0.0
53 46 0.55
47 49 0.22
49 47 0.21
48 49 0.2
49 48 0.52
48 50 0.78
50 48 0.49
49 50 0.93
50 49 0.79
49 51 0.57
51 49 0.27
49 52 0.64
52 49 0.08
50 51 0.2
51 50 0.57
50 52 0.09
52 50 0.34
51 52 0.63
52 51 0.74
51 53 0.83
53 51 0.14
51 54 0.27
54 51 0.93
52 53 0.59
53 52 0.37
52 56 0.31
56 52 0.37
52 76 0.79
76 52 0.17
53 54 0.96
54 53 0.94
53 55 0.47
55 53 0.88
53 56 0.63
56 53 0.19
54 56 0.98
56 54 0.07
54 57 0.7
57 54 0.42
54 74 0.3
74 54 0.19
55 56 0.39
56 55 0.35
55 57 0.23
57 55 0.34
55 58 0.45
58 55 0.21
55 67 0.52
67 55 0.0
56 57 0.32
57 56 0.53
56 86 0.57
86 56 0.12
57 58 0.53
58 57 0.41
57 59 0.02
59 57 0.52
57 60 0.98
60 57 0.84
57 75 0.47
75 57 0.88
58 59 0.47
59 58 0.1
58 61 0.02
61 58 0.73
58 67 0.83
67 58 0.37
58 96 0.21
96 58 0.54
59 60 0.54
60 59 0.47
59 61 0.9
61 59 0.03
59 62 0.21
62 59 0.68
60 61 0.71
61 60 0.75
60 62 0.61
62 60 0.27
60 63 0.8
63 60 0.34
61 63 0.5
63 61 0.83
61 92 0.21
92 61 0.94
62 64 0.72
64 62 0.58
62 65 0.6
65 62 0.3
63 64 0.48
64 63 0.96
63 65 0.25
65 63 0.95
63 66 0.59
66 63 0.45
64 65 0.31
65 64 0.79
64 66 0.58
66 64 0.25
64 67 0.18
67 64 0.38
65 66 0.77
66 65 0.16
65 67 0.36
67 65 0.62
65 68 0.17
68 65 0.87
66 67 0.51
67 66 0.52
66 68 0.85
68 66 0.52
66 69 0.78
69 66 0.57
67 68 0.4
68 67 0.01
68 70 0.92
70 68 0.05
68 71 0.2
71 68 0.64
68 98 0.4
98 68 0.23
69 70 0.28
70 69 0.31
69 71 0.97
71 69 0.6
69 72 0.8
72 69 0.07
70 71 0.12
71 70 0.63
70 73 0.43
73 70 0.82
71 72 0.49
72 71 0.22
71 74 0.93
74 71 0.26
71 83 0.16
83 71 0.63
72 73 0.35
73 72 0.68
72 74 0.93
74 72 0.03
72 75 0.76
75 72 0.52
73 74 0.53
74 73 0.66
73 75 0.66
75 73 0.96
74 75 0.88
75 74 0.58
74 76 0.19
76 74 0.02
74 77 0.19
77 74 0.87
74 95 0.17
95 74 0.98
75 97 0.57
97 75 0.97
76 77 0.49
77 76 0.61
76 93 0.51
93 76 0.18
77 78 0.69
78 77 0.41
77 79 0.35
79 77 0.55
78 79 0.56
79 78 0.75
78 80 0.76
80 78 0.89
78 81 0.41
81 78 0.49
79 80 0.32
80 79 0.78
79 81 0.53
81 79 0.3
79 82 0.48
82 79 0.15
80 81 0.93
81 80 0.5
80 82 0.48
82 80 0.25
80 90 0.28
90 80 0.24
81 82 0.1
82 81 0.16
81 84 0.24
84 81 0.41
81 87 0.79
87 81 0.41
82 83 0.89
83 82 0.47
82 84 0.83
84 82 0.88
82 85 0.59
85 82 0.56
83 85 0.24
85 83 0.71
83 86 0.75
86 83 0.65
83 89 0.14
89 83 0.11
84 85 0.79
85 84 0.22
84 86 0.52
86 84 0.86
84 87 0.51
87 84 0.62
85 86 0.57
86 85 0.68
85 88 0.12
88 85 0.54
86 87 0.95
87 86 0.86
86 88 0.47
88 86 0.22
86 89 0.54
89 86 0.58
87 88 0.15
88 87 0.76
87 90 0.49
90 87 0.25
87 92 0.91
92 87 0.32
88 89 0.01
89 88 0.47
88 90 0.73
90 88 0.74
89 90 0.47
90 89 0.62
89 91 0.6
91 89 0.16
89 92 0.1
92 89 0.39
90 92 0.12
92 90 0.58
91 93 0.28
93 91 0.05
91 94 0.34
94 91 0.31
92 93 0.47
93 92 0.85
92 95 0.29
95 92 0.45
93 94 0.72
94 93 0.95
93 95 0.47
95 93 0.9
93 96 0.3
96 93 0.72
94 95 0.37
95 94 0.92
94 96 0.07
96 94 0.67
94 97 0.71
97 94 0.73
95 96 0.25
96 95 0.99
95 97 0.28
97 95 0.23
96 97 0.29
97 96 0.59
96 98 0.62
98 96 0.71
96 99 0.38
99 96 0.35
97 98 0.71
98 97 0.71
97 99 0.3
99 97 0.17
98 99 0.1
99 98 0.7
