0 1 0.08
1 0 0.7
0 2 0.3
2 0 0.4
0 29 0.82
29 0 0.19
0 80 0.29
80 0 0.98
0 197 0.78
197 0 0.63
0 198 0.2
198 0 0.53
0 199 0.44
199 0 0.98
1 3 0.04
3 1 0.11
1 4 0.56
4 1 0.22
1 6 0.23
6 1 0.84
1 20 0.39
20 1 0.38
1 92 0.54
92 1 0.96
1 170 0.19
170 1 0.4
1 199 0.5
199 1 0.97
2 3 0.7
3 2 0.37
2 4 0.42
4 2 0.24
2 5 0.93
5 2 0.55
3 5 1.0
5 3 0.55
3 48 0.08
48 3 0.44
3 176 0.89
176 3 0.2
4 5 0.86
5 4 0.23
4 6 0.79
6 4 0.85
4 7 0.73
7 4 0.67
4 101 0.07
101 4 0.61
4 102 0.79
102 4 0.86
5 6 0.41
6 5 0.22
5 8 0.3
8 5 0.63
5 78 0.45
78 5 0.61
5 159 0.36
159 5 0.62
6 7 0.88
7 6 0.27
6 9 0.95
9 6 0.72
7 8 0.55
8 7 0.26
7 9 0.24
9 7 0.33
7 10 0.54
10 7 0.37
8 9 0.84
9 8 0.16
8 28 0.31
28 8 0.14
8 115 0.95
115 8 0.57
8 149 0.22
149 8 0.82
9 10 0.62
10 9 0.06
9 11 0.91
11 9 0.54
9 12 0.96
12 9 0.39
9 162 0.25
162 9 0.5
10 13 0.45
13 10 0.11
10 104 0.55
104 10 0.07
10 126 0.86
126 10 0.4
11 13 0.87
13 11 0.02
11 14 0.94
14 11 0.57
11 42 0.46
42 11 0.65
11 58 0.16
58 11 0.11
12 13 0.25
13 12 0.17
12 14 0.51
14 12 0.79
12 124 0.36
124 12 0.58
13 14 0.59
14 13 0.7
13 15 0.02
15 13 0.55
13 16 0.56
16 13 0.42
14 15 0.52
15 14 0.25
14 16 0.28
16 14 0.43
14 17 0.2
17 14 0.03
15 16 0.56
16 15 0.07
15 17 0.08
17 15 0.89
15 18 0.37
18 15 0.13
15 50 0.09
50 15 0.12
16 17 0.35
17 16 0.05
16 18 0.68
18 16 0.4
16 19 0.96
19 16 0.29
17 18 0.57
18 17 0.62
17 19 0.66
19 17 0.72
17 20 0.5
20 17 0.62
17 195 0.64
195 17 0.51
18 19 0.87
19 18 0.54
18 20 0.59
20 18 0.07
18 21 0.78
21 18 0.91
19 20 0.48
20 19 0.54
19 22 0.36
22 19 0.24
19 112 0.69
112 19 0.8
20 23 0.91
23 20 0.59
20 145 0.96
145 20 0.4
20 148 0.18
148 20 0.14
21 22 0.7
22 21 0.59
21 23 0.74
23 21 0.74
21 26 0.55
26 21 0.56
22 23 0.92
23 22 0.09
22 24 0.92
24 22 0.16
22 25 0.72
25 22 0.08
23 24 0.48
24 23 0.45
23 25 0.71
25 23 0.45
23 26 0.16
26 23 0.31
24 25 0.67
25 24 0.06
24 26 0.03
26 24 0.15
24 27 0.54
27 24 0.53
25 27 0.3
27 25 0.83
25 28 0.96
28 25 0.93
25 96 0.16
96 25 0.48
25 104 0.69
104 25 0.71
25 113 0.6
113 25 0.13
25 154 0.24
154 25 0.18
26 27 0.26
27 26 0.75
26 29 0.61
29 26 0.33
26 149 0.95
149 26 0.45
26 177 0.49
177 26 0.3
26 181 0.06
181 26 0.03
27 28 0.3
28 27 0.31
27 29 0.53
29 27 0.37
27 30 0.74
30 27 0.97
28 29 0.27
29 28 0.22
28 31 0.04
31 28 0.54
28 142 0.75
142 28 0.33
29 30 0.77
30 29 0.15
29 67 0.27
67 29 0.52
30 31 0.95
31 30 0.5
30 32 0.03
32 30 0.3
30 133 0.48
133 30 0.94
30 149 0.23
149 30 0.93
31 32 0.09
32 31 0.93
31 33 0.92
33 31 0.09
31 34 0.68
34 31 0.45
31 188 0.53
188 31 0.82
32 33 0.93
33 32 0.25
32 34 0.91
34 32 0.0
32 35 0.01
35 32 0.86
33 34 0.7
34 33 0.33
33 35 0.84
35 33 0.63
33 36 0.19
36 33 0.12
34 35 0.86
35 34 0.27
34 36 0.99
36 34 0.34
34 37 0.12
37 34 0.27
35 37 0.71
37 35 0.7
35 38 0.11
38 35 0.75
35 178 0.86
178 35 0.81
36 37 0.2
37 36 0.74
36 38 0.25
38 36 0.55
36 39 0.48
39 36 0.94
37 38 0.6
38 37 0.83
37 39 0.85
39 37 0.45
37 40 0.3
40 37 0.85
38 39 0.89
39 38 0.94
38 40 0.31
40 38 0.4
38 41 0.53
41 38 0.35
38 150 0.51
150 38 0.96
39 40 0.68
40 39 0.61
39 41 0.87
41 39 0.41
39 42 0.04
42 39 0.43
40 41 0.71
41 40 0.65
40 43 0.79
43 40 0.8
40 106 0.59
106 40 0.04
41 42 0.26
42 41 0.42
41 43 0.49
43 41 0.88
41 44 0.86
44 41 0.67
42 44 0.24
44 42 0.96
42 45 0.7
45 42 0.66
42 57 0.72
57 42 0.65
42 141 0.71
141 42 0.18
42 176 0.78
176 42 0.22
43 44 0.99
44 43 0.06
43 46 0.04
46 43 0.02
43 124 0.08
124 43 0.73
43 185 0.3
185 43 0.56
44 45 0.89
45 44 0.52
44 46 0.16
46 44 0.74
44 47 0.01
47 44 0.15
45 46 0.41
46 45 0.5
45 48 0.41
48 45 0.17
45 196 0.74
196 45 0.85
45 197 0.3
197 45 0.59
46 47 0.25
47 46 0.38
46 48 0.29
48 46 0.89
46 49 0.66
49 46 0.05
47 48 0.01
48 47 0.54
47 50 0.32
50 47 0.29
47 123 0.47
123 47 0.47
47 139 0.07
139 47 0.45
48 49 0.37
49 48 0.55
48 50 0.59
50 48 0.86
48 91 0.89
91 48 0.91
49 50 0.64
50 49 0.43
49 51 0.01
51 49 0.56
49 52 0.99
52 49 0.15
50 52 0.04
52 50 0.31
50 170 0.15
170 50 0.54
51 52 0.49
52 51 0.05
51 129 0.04
129 51 0.44
51 178 0.74
178 51 0.44
52 53 0.56
53 52 0.94
52 54 0.64
54 52 0.77
52 55 0.8
55 52 0.24
52 82 0.31
82 52 0.86
52 169 0.05
169 52 0.45
53 56 0.64
56 53 0.81
53 113 0.32
113 53 0.49
53 118 0.9
118 53 0.72
54 55 0.77
55 54 0.67
54 56 0.54
56 54 0.15
54 57 0.04
57 54 0.84
55 56 0.02
56 55 0.92
55 57 0.08
57 55 0.42
55 58 0.5
58 55 0.71
56 58 0.8
58 56 0.95
56 59 0.79
59 56 0.42
56 126 0.12
126 56 0.0
57 59 0.08
59 57 0.68
57 60 0.93
60 57 0.79
57 77 0.64
77 57 0.23
58 59 0.42
59 58 0.7
58 61 0.76
61 58 0.42
58 128 0.36
128 58 0.01
58 144 0.74
144 58 0.38
59 61 0.89
61 59 0.06
59 62 0.61
62 59 0.47
59 155 0.53
155 59 0.66
60 61 0.5
61 60 0.26
60 62 0.51
62 60 0.71
60 63 0.94
63 60 0.09
60 71 0.95
71 60 0.85
60 187 0.55
187 60 0.7
61 62 0.22
62 61 0.68
61 63 0.78
63 61 0.7
61 64 0.07
64 61 0.86
61 82 0.42
82 61 0.48
62 63 0.92
63 62 0.31
62 64 0.23
64 62 0.62
62 65 0.8
65 62 0.34
63 64 0.99
64 63 0.77
63 66 0.43
66 63 0.18
63 177 0.22
177 63 0.75
64 65 0.8
65 64 0.1
64 66 0.07
66 64 0.71
64 67 0.09
67 64 0.44
65 66 0.67
66 65 0.33
65 67 0.78
67 65 0.18
65 68 0.06
68 65 0.21
66 67 0.77
67 66 0.09
66 68 0.58
68 66 0.36
66 69 0.97
69 66 0.99
67 68 0.57
68 67 0.57
67 69 0.87
69 67 0.08
67 70 0.19
70 67 0.71
67 118 0.62
118 67 0.35
67 136 0.63
136 67 0.77
68 69 0.04
69 68 0.73
68 70 0.56
70 68 0.84
68 71 0.24
71 68 0.91
69 70 0.79
70 69 0.31
69 71 0.55
71 69 0.99
69 72 0.36
72 69 0.48
69 76 0.19
76 69 0.84
69 92 0.51
92 69 0.19
70 71 1.0
71 70 0.15
70 72 0.2
72 70 0.96
70 73 0.81
73 70 0.23
70 85 0.93
85 70 0.34
70 164 0.58
164 70 0.76
71 72 0.46
72 71 0.12
71 74 0.81
74 71 0.71
72 74 0.13
74 72 0.75
72 75 0.5
75 72 0.57
72 108 0.78
108 72 0.16
72 178 0.44
178 72 0.52
73 74 0.83
74 73 0.91
73 75 0.37
75 73 0.86
73 82 0.39
82 73 0.79
74 75 0.03
75 74 0.09
74 76 0.52
76 74 0.27
74 77 0.91
77 74 0.91
75 76 0.95
76 75 0.32
75 77 0.67
77 75 0.9
75 78 0.69
78 75 0.9
75 110 0.78
110 75 0.77
76 77 0.42
77 76 0.98
76 79 0.01
79 76 0.11
77 78 1.0
78 77 0.66
77 79 0.7
79 77 0.05
77 80 0.51
80 77 0.05
78 79 0.65
79 78 0.82
78 80 0.32
80 78 0.29
79 80 0.69
80 79 0.57
79 81 0.03
81 79 0.99
79 82 0.76
82 79 0.09
80 81 0.05
81 80 0.84
80 82 1.0
82 80 0.33
80 83 0.31
83 80 0.66
81 82 0.26
82 81 0.21
81 83 0.13
83 81 0.93
81 84 0.73
84 81 0.64
81 111 0.99
111 81 0.79
82 146 0.54
146 82 0.94
83 84 0.55
84 83 0.85
83 85 0.15
85 83 0.33
83 86 0.82
86 83 0.84
83 128 0.18
128 83 0.24
83 165 0.27
165 83 0.43
83 170 0.28
170 83 0.44
84 85 0.06
85 84 0.0
84 86 0.43
86 84 0.51
84 87 0.01
87 84 0.18
84 112 0.37
112 84 0.47
85 86 0.34
86 85 0.03
85 87 0.44
87 85 0.89
86 87 0.21
87 86 0.6
86 88 0.15
88 86 0.69
86 89 0.55
89 86 0.18
86 135 0.45
135 86 0.32
86 156 0.04
156 86 0.9
87 88 0.36
88 87 0.55
87 89 0.16
89 87 0.61
87 105 0.05
105 87 0.79
87 133 0.69
133 87 0.51
87 167 0.31
167 87 0.86
88 90 0.23
90 88 0.4
88 91 0.65
91 88 0.19
88 190 0.68
190 88 0.09
89 90 0.77
90 89 0.89
89 91 0.34
91 89 0.4
89 92 0.93
92 89 0.73
90 91 0.84
91 90 0.79
90 92 0.75
92 90 0.84
90 93 0.76
93 90 0.97
91 92 0.44
92 91 0.37
91 93 0.82
93 91 0.86
91 94 0.92
94 91 0.74
92 94 0.26
94 92 0.97
93 94 0.8
94 93 0.74
93 95 0.56
95 93 0.24
93 96 0.04
96 93 0.01
94 95 0.92
95 94 0.44
94 96 0.9
96 94 0.51
94 134 0.82
134 94 0.41
94 157 0.86
157 94 0.47
95 96 0.3
96 95 0.05
95 97 0.5
97 95 0.07
95 98 0.14
98 95 0.3
96 97 0.85
97 96 0.67
96 99 0.89
99 96 0.61
97 98 0.37
98 97 0.46
97 99 0.96
99 97 0.04
97 100 0.17
100 97 0.5
97 137 0.87
137 97 0.76
98 99 0.1
99 98 0.16
98 100 0.95
100 98 0.26
98 101 0.46
101 98 0.5
99 100 0.76
100 99 0.94
99 102 0.89
102 99 0.29
99 137 0.5
137 99 0.28
100 101 0.34
101 100 0.43
100 102 0.3
102 100 0.06
100 171 0.12
171 100 0.42
101 103 0.85
103 101 0.03
101 104 0.26
104 101 0.06
102 103 0.45
103 102 0.66
102 158 0.93
158 102 0.9
103 104 0.05
104 103 0.13
103 105 0.79
105 103 0.96
103 106 0.52
106 103 0.94
104 105 0.03
105 104 0.88
104 106 0.41
106 104 0.06
104 107 0.96
107 104 0.73
105 106 0.99
106 105 0.37
105 107 0.88
107 105 0.06
105 140 0.56
140 105 0.12
106 107 0.94
107 106 0.81
106 108 0.95
108 106 0.14
106 109 0.46
109 106 0.88
107 108 0.43
108 107 0.08
107 109 0.3
109 107 0.03
107 110 0.85
110 107 0.96
108 110 0.79
110 108 0.69
108 111 0.47
111 108 0.12
108 158 0.73
158 108 0.61
108 172 0.71
172 108 0.13
109 110 0.04
110 109 0.31
109 112 0.29
112 109 0.63
109 146 0.24
146 109 0.5
110 111 0.59
111 110 0.81
110 112 0.13
112 110 0.39
110 134 0.81
134 110 0.9
111 113 0.56
113 111 0.44
111 114 0.36
114 111 0.59
112 113 0.19
113 112 0.93
112 114 0.83
114 112 0.87
113 114 0.25
114 113 0.88
113 115 0.81
115 113 0.82
114 115 0.39
115 114 0.86
114 116 0.56
116 114 0.38
114 117 0.82
117 114 0.2
114 194 1.0
194 114 0.53
115 116 0.67
116 115 0.82
115 187 0.61
187 115 0.93
116 117 0.23
117 116 0.55
116 118 0.23
118 116 0.72
116 119 0.04
119 116 0.62
117 118 0.24
118 117 0.02
117 119 0.04
119 117 0.07
117 120 0.02
120 117 0.94
118 120 0.68
120 118 0.01
118 121 0.13
121 118 0.09
119 120 0.32
120 119 0.18
119 121 0.1
121 119 0.77
119 122 0.27
122 119 0.35
120 121 0.74
121 120 0.18
120 122 0.72
122 120 0.17
120 123 0.53
123 120 0.99
121 122 0.76
122 121 0.44
121 123 0.63
123 121 0.64
121 124 0.62
124 121 0.56
122 123 0.14
123 122 0.67
122 124 0.29
124 122 0.34
122 125 0.29
125 122 0.03
123 124 0.48
124 123 0.64
123 126 0.45
126 123 0.47
124 125 0.56
125 124 0.21
124 126 0.2
126 124 0.75
124 185 0.66
185 124 0.58
125 126 0.21
126 125 0.31
125 127 0.56
127 125 0.97
125 184 0.34
184 125 0.52
126 127 0.55
127 126 0.8
126 128 0.72
128 126 0.34
126 175 0.41
175 126 0.31
127 128 0.78
128 127 0.59
127 129 0.51
129 127 0.38
127 163 0.47
163 127 0.86
128 130 0.87
130 128 0.74
128 162 0.04
162 128 0.2
129 130 0.97
130 129 0.24
129 132 0.07
132 129 0.99
129 177 0.54
177 129 0.23
130 131 0.83
131 130 0.29
130 132 0.98
132 130 0.96
130 133 0.59
133 130 0.29
131 132 0.89
132 131 0.13
131 133 0.86
133 131 0.32
131 134 0.4
134 131 0.3
132 133 0.25
133 132 0.37
132 134 0.71
134 132 0.52
132 135 0.56
135 132 0.05
133 134 0.52
134 133 0.69
133 135 0.37
135 133 0.01
133 136 0.77
136 133 0.84
134 136 0.3
136 134 0.66
134 137 0.25
137 134 0.1
135 136 0.95
136 135 0.75
135 137 0.7
137 135 0.83
136 138 0.38
138 136 0.07
136 139 0.51
139 136 0.01
137 139 0.46
139 137 0.63
137 140 0.92
140 137 0.11
137 198 0.26
198 137 0.45
138 139 0.01
139 138 0.56
138 140 0.09
140 138 0.12
138 141 0.38
141 138 0.44
139 140 0.33
140 139 0.47
139 141 0.86
141 139 0.42
139 142 0.23
142 139 0.61
140 141 0.83
141 140 0.54
140 143 0.37
143 140 0.55
141 143 0.91
143 141 0.69
141 144 0.1
144 141 0.02
142 143 0.05
143 142 0.73
142 144 0.8
144 142 0.09
142 145 0.54
145 142 0.87
143 144 0.64
144 143 0.32
143 145 0.23
145 143 0.74
143 146 0.32
146 143 0.8
144 146 0.88
146 144 0.33
144 147 0.04
147 144 0.55
145 146 0.49
146 145 0.06
145 147 0.75
147 145 0.87
145 148 0.31
148 145 0.59
146 147 0.17
147 146 0.1
146 148 0.08
148 146 0.37
146 149 0.49
149 146 0.7
147 148 0.7
148 147 0.18
147 149 0.37
149 147 0.14
147 150 0.96
150 147 0.16
148 149 0.79
149 148 0.33
148 150 0.83
150 148 0.59
148 151 0.69
151 148 0.04
149 151 0.88
151 149 0.03
149 152 0.17
152 149 0.6
150 151 0.71
151 150 0.48
150 152 0.54
152 150 0.14
151 153 0.93
153 151 0.7
151 154 0.33
154 151 0.53
151 160 0.53
160 151 0.53
151 188 0.78
188 151 0.57
152 153 0.96
153 152 0.55
152 154 0.69
154 152 0.28
152 155 0.7
155 152 0.76
152 173 0.98
173 152 0.2
153 154 0.75
154 153 0.14
153 155 0.46
155 153 0.59
153 156 0.28
156 153 0.89
154 155 0.83
155 154 0.27
154 156 0.13
156 154 0.53
154 176 0.06
176 154 0.35
155 156 0.05
156 155 0.5
155 158 0.35
158 155 0.48
155 178 0.89
178 155 0.55
156 157 0.68
157 156 0.31
156 159 0.36
159 156 1.0
157 158 0.3
158 157 0.78
157 160 0.1
160 157 0.61
158 160 0.62
160 158 0.56
158 161 0.91
161 158 0.81
159 160 0.7
160 159 0.94
159 161 0.17
161 159 0.26
159 162 0.02
162 159 0.76
160 161 0.13
161 160 0.68
160 162 0.22
162 160 0.91
160 163 0.35
163 160 0.51
161 162 0.71
162 161 0.15
161 163 0.59
163 161 0.8
161 164 0.86
164 161 0.29
162 164 0.16
164 162 0.59
163 164 0.13
164 163 0.23
163 165 0.98
165 163 0.52
163 166 0.75
166 163 0.84
164 165 0.38
165 164 0.39
164 166 0.06
166 164 0.43
165 166 0.7
166 165 0.82
165 168 0.89
168 165 0.35
166 167 0.01
167 166 0.58
166 168 0.73
168 166 0.66
166 169 0.65
169 166 0.93
167 168 0.46
168 167 0.19
167 170 0.91
170 167 0.71
168 169 0.31
169 168 0.38
168 170 0.13
170 168 0.43
168 171 0.56
171 168 0.47
169 170 0.23
170 169 0.78
169 171 0.3
171 169 0.92
170 171 0.85
171 170 0.19
171 172 0.25
172 171 0.29
171 173 0.01
173 171 0.32
171 174 0.06
174 171 0.66
172 173 0.16
173 172 0.08
172 190 0.78
190 172 0.4
173 175 0.79
175 173 0.69
173 176 0.65
176 173 0.14
174 175 0.62
175 174 0.12
174 176 0.25
176 174 0.63
174 187 0.78
187 174 0.45
175 176 0.6
176 175 0.27
175 177 0.26
177 175 0.31
175 178 0.66
178 175 0.8
176 177 0.99
177 176 0.77
177 179 0.32
179 177 0.51
177 180 0.56
180 177 0.44
177 198 0.2
198 177 0.48
178 179 0.01
179 178 0.44
178 180 0.12
180 178 0.83
178 181 0.49
181 178 0.03
179 180 0.03
180 179 0.9
179 181 0.79
181 179 0.06
179 182 0.9
182 179 0.13
180 181 0.88
181 180 0.07
180 182 0.02
182 180 0.29
180 183 0.52
183 180 0.72
181 183 0.66
183 181 0.21
181 184 0.08
184 181 0.27
182 183 0.56
183 182 0.33
182 184 0.3
184 182 0.45
182 185 0.9
185 182 0.92
183 184 0.88
184 183 0.61
183 185 0.14
185 183 0.61
183 186 0.42
186 183 0.09
184 185 0.06
185 184 0.83
184 186 0.25
186 184 0.42
184 187 0.25
187 184 0.7
185 187 0.24
187 185 0.98
185 188 0.15
188 185 0.95
185 199 0.18
199 185 0.47
186 187 0.74
187 186 0.58
186 188 0.15
188 186 0.34
186 189 0.34
189 186 0.47
187 189 0.3
189 187 0.61
187 190 0.16
190 187 0.51
188 191 0.18
191 188 0.81
189 190 0.99
190 189 0.6
189 191 0.04
191 189 0.61
189 192 0.22
192 189 0.7
190 191 0.17
191 190 0.19
190 192 0.7
192 190 0.39
190 193 0.63
193 190 0.9
191 192 0.81
192 191 0.68
191 193 0.44
193 191 0.91
191 194 0.58
194 191 0.16
192 193 0.11
193 192 0.73
192 194 0.99
194 192 0.21
192 195 0.27
195 192 0.58
193 194 0.31
194 193 0.43
193 195 0.97
195 193 0.27
193 196 0.98
196 193 0.06
194 195 0.77
195 194 0.38
194 197 1.0
197 194 0.49
195 196 0.38
196 195 0.18
195 197 0.53
197 195 0.56
196 197 0.63
197 196 0.99
196 199 0.38
199 196 0.56
197 198 0.95
198 197 0.13
197 199 0.05
199 197 0.38
