0 1 0.61
1 0 0.13
0 2 0.62
2 0 0.26
0 3 0.01
3 0 0.25
0 68 0.44
68 0 0.56
0 497 0.04
497 0 0.99
0 498 0.67
498 0 0.08
0 499 0.97
499 0 0.55
1 0 0.55
0 1 0.23
1 2 0.86
2 1 0.74
1 3 0.14
3 1 0.15
1 4 0.13
4 1 0.25
1 467 0.72
467 1 0.82
1 498 0.97
498 1 0.64
2 0 0.73
0 2 0.18
2 1 0.51
1 2 0.24
2 3 0.35
3 2 0.41
2 4 0.4
4 2 0.13
2 275 0.27
275 2 0.96
2 424 0.93
424 2 0.4
2 429 0.6
429 2 0.89
2 499 0.89
499 2 0.84
3 0 0.65
0 3 0.82
3 1 0.18
1 3 0.14
3 2 0.71
2 3 0.91
3 4 0.58
4 3 0.53
3 5 0.38
5 3 0.92
3 6 0.94
6 3 0.78
4 1 0.72
1 4 0.53
4 2 0.43
2 4 0.17
4 3 0.31
3 4 0.55
4 5 0.31
5 4 0.52
4 6 0.88
6 4 0.28
4 7 0.04
7 4 0.23
4 307 0.8
307 4 0.73
4 435 0.02
435 4 0.04
5 3 0.6
3 5 0.96
5 4 0.07
4 5 0.41
5 7 0.37
7 5 0.89
5 8 0.68
8 5 0.91
5 67 0.12
67 5 0.12
5 363 0.88
363 5 0.84
6 3 0.52
3 6 0.68
6 4 0.25
4 6 0.34
6 7 0.21
7 6 0.95
6 8 0.38
8 6 0.79
6 9 0.52
9 6 0.61
7 4 0.94
4 7 0.33
7 5 0.83
5 7 0.56
7 6 0.02
6 7 0.33
7 9 0.23
9 7 0.02
7 58 0.04
58 7 0.6
7 248 0.18
248 7 0.57
8 5 0.17
5 8 0.6
8 6 0.01
6 8 0.08
8 9 0.06
9 8 0.02
8 10 0.88
10 8 0.67
8 11 0.68
11 8 0.25
9 6 0.87
6 9 0.72
9 7 0.51
7 9 0.35
9 8 0.11
8 9 0.5
9 10 0.34
10 9 0.73
9 11 0.14
11 9 0.29
9 12 0.87
12 9 0.89
10 8 0.88
8 10 0.92
10 9 0.94
9 10 0.58
10 11 0.7
11 10 0.7
10 12 0.83
12 10 0.64
10 13 0.69
13 10 0.09
10 486 0.2
486 10 0.13
11 8 0.08
8 11 0.97
11 9 0.08
9 11 0.7
11 10 0.01
10 11 0.54
11 12 0.2
12 11 0.04
11 13 0.53
13 11 0.66
11 14 0.03
14 11 0.27
12 9 0.74
9 12 0.84
12 10 0.32
10 12 0.97
12 11 0.06
11 12 0.05
12 15 0.3
15 12 0.16
12 190 0.23
190 12 0.71
12 426 0.26
426 12 0.77
12 463 0.59
463 12 0.88
13 10 0.95
10 13 0.34
13 11 0.04
11 13 0.49
13 14 0.09
14 13 0.85
13 15 0.97
15 13 0.34
13 16 0.62
16 13 0.82
13 80 0.74
80 13 0.24
14 11 0.75
11 14 0.4
14 13 0.06
13 14 0.71
14 15 0.42
15 14 0.24
14 16 0.2
16 14 0.4
14 17 0.36
17 14 0.64
15 12 0.36
12 15 0.58
15 13 0.89
13 15 0.54
15 14 0.59
14 15 0.03
15 16 0.58
16 15 0.37
15 17 0.47
17 15 0.37
15 18 0.79
18 15 0.56
16 13 0.75
13 16 0.38
16 14 0.59
14 16 0.56
16 15 0.52
15 16 0.33
16 18 0.73
18 16 0.17
16 119 0.08
119 16 0.31
16 149 1.0
149 16 0.43
16 249 0.34
249 16 0.92
17 14 0.47
14 17 0.06
17 15 0.2
15 17 0.09
17 18 0.86
18 17 0.04
17 19 0.53
19 17 0.8
17 20 0.65
20 17 0.38
17 456 0.2
456 17 0.09
18 15 0.04
15 18 0.97
18 16 0.92
16 18 0.09
18 17 0.74
17 18 0.64
18 19 0.56
19 18 0.93
18 20 0.37
20 18 0.55
18 21 0.42
21 18 0.75
19 17 0.43
17 19 0.19
19 18 0.94
18 19 0.89
19 22 0.83
22 19 0.47
19 44 0.37
44 19 0.07
19 171 0.22
171 19 0.04
19 201 0.9
201 19 0.45
19 499 0.41
499 19 0.72
20 17 0.07
17 20 0.47
20 18 0.63
18 20 0.67
20 21 0.55
21 20 0.03
20 22 0.64
22 20 0.04
20 23 0.3
23 20 0.34
20 377 0.35
377 20 0.98
21 18 0.19
18 21 0.68
21 20 0.31
20 21 0.27
21 22 0.39
22 21 0.13
21 24 0.9
24 21 0.51
21 256 0.2
256 21 0.09
21 280 0.07
280 21 0.31
22 19 0.31
19 22 0.69
22 20 0.44
20 22 0.37
22 21 0.61
21 22 0.15
22 23 0.2
23 22 0.48
22 24 0.36
24 22 0.44
22 456 0.31
456 22 0.74
23 20 0.83
20 23 0.89
23 22 0.23
22 23 0.56
23 24 0.02
24 23 0.63
23 25 0.45
25 23 0.28
23 26 0.5
26 23 0.34
24 21 0.56
21 24 0.11
24 22 0.97
22 24 0.45
24 23 0.45
23 24 0.13
24 25 0.16
25 24 0.32
24 26 0.09
26 24 0.24
24 27 0.3
27 24 0.78
24 173 0.39
173 24 0.31
24 380 0.24
380 24 0.71
24 443 0.87
443 24 0.2
25 23 0.53
23 25 0.93
25 24 0.56
24 25 0.15
25 26 0.25
26 25 0.14
25 27 0.19
27 25 0.46
25 28 0.35
28 25 0.99
26 23 0.08
23 26 0.54
26 24 0.91
24 26 0.11
26 25 0.75
25 26 0.74
26 28 0.79
28 26 0.03
26 29 0.72
29 26 0.17
26 220 0.31
220 26 0.0
27 24 0.43
24 27 0.74
27 25 0.09
25 27 0.59
27 28 0.94
28 27 0.19
27 29 0.83
29 27 0.64
27 30 0.38
30 27 0.33
28 25 0.46
25 28 0.31
28 26 0.04
26 28 0.97
28 27 0.64
27 28 0.92
28 30 0.93
30 28 0.91
28 368 0.67
368 28 0.18
28 399 0.46
399 28 0.56
29 26 0.25
26 29 0.02
29 27 0.23
27 29 0.84
29 31 0.51
31 29 0.7
29 32 0.72
32 29 0.32
29 151 0.99
151 29 0.63
29 449 0.69
449 29 0.38
30 27 0.84
27 30 0.87
30 28 0.16
28 30 0.85
30 31 0.67
31 30 0.71
30 32 0.23
32 30 0.37
30 33 0.4
33 30 0.6
31 29 0.99
29 31 0.98
31 30 0.88
30 31 0.82
31 33 0.52
33 31 0.15
31 34 0.61
34 31 0.22
31 365 0.9
365 31 0.52
31 481 0.25
481 31 0.45
32 29 0.9
29 32 0.7
32 30 0.26
30 32 0.45
32 34 0.89
34 32 0.63
32 35 0.95
35 32 0.42
32 350 0.97
350 32 0.24
33 30 0.5
30 33 0.14
33 31 0.88
31 33 0.26
33 36 0.77
36 33 0.37
33 150 0.74
150 33 0.88
33 317 0.66
317 33 0.08
34 31 0.61
31 34 0.37
34 32 0.63
32 34 0.56
34 36 0.7
36 34 0.63
34 37 0.23
37 34 0.36
34 67 0.66
67 34 0.85
35 32 0.9
32 35 0.73
35 36 0.92
36 35 0.29
35 37 0.33
37 35 0.53
35 38 0.77
38 35 0.36
36 33 0.85
33 36 0.69
36 34 0.24
34 36 0.83
36 35 0.39
35 36 0.94
36 37 0.53
37 36 0.72
36 38 0.69
38 36 0.42
36 151 0.6
151 36 0.64
36 486 0.76
486 36 0.0
37 34 0.23
34 37 0.71
37 35 0.01
35 37 0.36
37 36 0.81
36 37 0.67
37 38 0.96
38 37 0.73
37 39 0.31
39 37 0.45
37 40 0.5
40 37 0.45
37 249 0.73
249 37 0.13
37 285 0.46
285 37 0.98
37 440 0.98
440 37 0.47
38 35 0.92
35 38 0.93
38 36 0.55
36 38 0.74
38 37 0.18
37 38 0.31
38 39 0.98
39 38 0.8
38 40 0.93
40 38 0.82
38 41 0.93
41 38 0.65
38 242 0.93
242 38 0.09
39 37 0.14
37 39 0.39
39 38 0.97
38 39 0.33
39 40 0.57
40 39 0.87
39 41 0.32
41 39 0.47
39 42 0.64
42 39 0.05
39 137 0.91
137 39 0.74
40 37 0.34
37 40 0.51
40 38 0.46
38 40 0.4
40 39 0.67
39 40 0.64
40 41 0.28
41 40 0.65
40 42 0.04
42 40 0.24
40 43 0.32
43 40 0.92
41 38 0.43
38 41 0.9
41 39 0.83
39 41 0.56
41 40 0.96
40 41 0.3
41 42 0.47
42 41 0.57
41 43 0.52
43 41 0.64
41 44 0.5
44 41 0.39
42 39 0.52
39 42 0.33
42 40 0.81
40 42 0.92
42 41 0.23
41 42 0.11
42 43 0.0
43 42 0.98
42 44 0.92
44 42 0.43
42 45 0.58
45 42 0.13
43 40 0.33
40 43 0.1
43 41 0.29
41 43 0.95
43 42 0.25
42 43 0.31
43 44 0.81
44 43 0.83
43 45 0.94
45 43 0.58
43 46 0.77
46 43 0.38
44 19 0.75
19 44 0.11
44 41 0.79
41 44 0.2
44 42 0.11
42 44 0.16
44 43 0.99
43 44 0.1
44 45 0.04
45 44 0.33
44 46 0.49
46 44 0.93
44 47 0.93
47 44 0.44
45 42 0.07
42 45 0.91
45 43 0.7
43 45 0.3
45 44 0.92
44 45 0.92
45 46 0.26
46 45 0.37
45 47 0.11
47 45 0.78
45 216 0.46
216 45 0.62
45 318 0.87
318 45 0.58
45 322 0.78
322 45 0.01
46 43 0.22
43 46 0.41
46 44 0.59
44 46 0.57
46 45 0.84
45 46 0.54
46 47 0.13
47 46 0.87
46 48 0.72
48 46 0.57
46 49 0.33
49 46 0.22
47 44 0.15
44 47 0.63
47 45 0.36
45 47 0.31
47 46 0.32
46 47 0.44
47 48 0.68
48 47 0.38
47 49 0.38
49 47 0.01
47 321 0.38
321 47 0.86
48 46 0.43
46 48 0.14
48 47 0.36
47 48 0.63
48 51 0.02
51 48 0.24
48 196 0.67
196 48 0.67
48 408 0.29
408 48 0.55
49 46 0.37
46 49 0.58
49 47 0.51
47 49 0.98
49 50 0.59
50 49 0.78
49 51 0.94
51 49 0.97
49 52 0.15
52 49 0.66
49 156 0.39
156 49 0.89
49 264 0.74
264 49 0.43
50 49 0.36
49 50 0.24
50 52 0.03
52 50 0.8
50 53 0.21
53 50 0.28
50 108 0.81
108 50 0.5
51 48 0.69
48 51 0.54
51 49 0.98
49 51 0.28
51 53 0.53
53 51 0.52
51 270 0.28
270 51 0.28
51 383 0.39
383 51 0.83
51 467 0.81
467 51 0.63
52 49 0.78
49 52 0.87
52 50 0.97
50 52 1.0
52 54 0.91
54 52 0.76
52 243 0.14
243 52 0.32
52 245 0.97
245 52 0.36
52 425 0.52
425 52 0.13
53 50 0.46
50 53 0.99
53 51 0.48
51 53 0.26
53 54 0.03
54 53 0.77
53 56 0.62
56 53 0.57
53 213 0.3
213 53 0.42
53 375 0.5
375 53 0.11
54 52 0.08
52 54 0.18
54 53 0.71
53 54 0.47
54 55 0.89
55 54 0.24
54 56 0.24
56 54 0.32
54 57 0.56
57 54 0.44
55 54 0.45
54 55 0.09
55 56 0.69
56 55 0.2
55 57 0.51
57 55 0.95
55 58 0.66
58 55 0.13
56 53 0.99
53 56 0.3
56 54 0.84
54 56 0.58
56 55 0.08
55 56 0.3
56 57 0.25
57 56 0.0
56 58 0.36
58 56 0.75
56 59 0.4
59 56 0.32
57 54 0.52
54 57 0.21
57 55 0.05
55 57 0.69
57 56 0.93
56 57 0.15
57 58 0.17
58 57 0.11
57 59 0.51
59 57 0.91
57 60 0.12
60 57 0.35
58 7 0.55
7 58 0.13
58 55 0.03
55 58 0.28
58 56 0.93
56 58 0.64
58 57 0.4
57 58 0.66
58 60 0.03
60 58 0.28
58 61 0.26
61 58 0.34
58 108 0.42
108 58 0.1
58 166 0.03
166 58 0.82
59 56 0.5
56 59 0.97
59 57 0.36
57 59 0.18
59 61 0.9
61 59 0.51
59 62 0.51
62 59 0.37
59 175 0.21
175 59 0.65
59 245 0.18
245 59 0.22
59 439 0.62
439 59 0.29
60 57 0.27
57 60 0.96
60 58 0.64
58 60 0.81
60 61 0.39
61 60 0.5
60 160 0.76
160 60 0.03
60 283 0.28
283 60 0.17
60 328 0.34
328 60 0.21
61 58 0.1
58 61 0.39
61 59 0.89
59 61 0.82
61 60 0.94
60 61 0.32
61 62 0.64
62 61 0.89
61 63 0.97
63 61 1.0
61 64 0.06
64 61 0.3
62 59 0.94
59 62 0.8
62 61 0.54
61 62 0.1
62 63 0.56
63 62 0.17
62 64 0.27
64 62 0.04
62 65 0.14
65 62 0.54
62 190 0.31
190 62 0.28
63 61 0.92
61 63 0.71
63 62 0.57
62 63 0.2
63 65 0.67
65 63 0.2
63 66 0.39
66 63 0.15
63 468 0.17
468 63 0.73
64 61 0.3
61 64 0.95
64 62 0.21
62 64 0.28
64 65 0.71
65 64 0.74
64 66 0.73
66 64 0.65
64 67 0.24
67 64 0.59
65 62 0.89
62 65 0.08
65 63 0.19
63 65 0.77
65 64 0.45
64 65 0.16
65 66 0.23
66 65 0.68
65 67 0.92
67 65 0.84
65 68 0.36
68 65 0.37
66 63 0.81
63 66 0.31
66 64 0.48
64 66 0.99
66 65 0.07
65 66 0.89
66 67 0.49
67 66 0.16
66 68 0.07
68 66 0.03
66 69 0.04
69 66 0.17
67 5 0.19
5 67 0.57
67 34 0.72
34 67 0.33
67 64 0.19
64 67 0.04
67 65 0.01
65 67 0.62
67 66 0.26
66 67 0.7
67 68 0.84
68 67 0.74
67 69 0.05
69 67 0.14
67 202 0.8
202 67 0.76
68 0 0.39
0 68 0.35
68 65 0.95
65 68 0.8
68 66 0.57
66 68 0.15
68 67 0.58
67 68 0.24
68 70 0.39
70 68 0.61
68 71 0.95
71 68 0.47
69 66 0.93
66 69 0.67
69 67 0.75
67 69 0.96
69 70 0.07
70 69 0.95
69 71 0.6
71 69 0.79
69 72 0.86
72 69 0.62
69 104 0.74
104 69 0.18
70 68 0.93
68 70 0.28
70 69 0.68
69 70 0.98
70 71 0.99
71 70 0.25
70 72 0.58
72 70 0.53
70 73 0.49
73 70 0.68
70 272 0.85
272 70 0.49
70 285 0.92
285 70 0.99
71 68 0.77
68 71 0.21
71 69 0.48
69 71 0.71
71 70 0.92
70 71 0.48
71 72 0.75
72 71 0.81
71 74 0.75
74 71 0.02
71 183 0.11
183 71 0.01
71 332 0.51
332 71 0.41
71 496 0.21
496 71 0.29
72 69 0.77
69 72 0.2
72 70 0.52
70 72 0.04
72 71 0.66
71 72 0.47
72 73 0.36
73 72 0.3
72 74 0.38
74 72 0.48
72 75 0.67
75 72 0.97
72 93 0.39
93 72 0.94
72 278 0.3
278 72 0.6
72 316 0.74
316 72 0.83
73 70 0.01
70 73 0.03
73 72 0.03
72 73 0.12
73 74 0.73
74 73 0.04
73 75 0.37
75 73 0.91
73 76 0.93
76 73 0.8
74 71 0.36
71 74 0.99
74 72 0.44
72 74 0.01
74 73 0.71
73 74 0.67
74 75 0.28
75 74 0.26
74 76 0.01
76 74 0.93
74 77 0.88
77 74 0.14
75 72 0.44
72 75 0.43
75 73 0.7
73 75 0.4
75 74 0.2
74 75 0.95
75 76 0.88
76 75 0.3
75 77 0.38
77 75 0.93
75 78 0.44
78 75 0.28
75 312 0.49
312 75 0.21
76 73 0.29
73 76 0.83
76 74 0.88
74 76 0.34
76 75 0.62
75 76 0.96
76 77 0.86
77 76 0.88
76 78 0.79
78 76 0.27
76 79 0.19
79 76 0.3
77 74 0.4
74 77 0.75
77 75 0.91
75 77 0.85
77 76 0.84
76 77 0.2
77 79 0.98
79 77 0.9
77 80 0.58
80 77 0.96
77 207 0.45
207 77 0.13
78 75 0.23
75 78 0.83
78 76 0.92
76 78 1.0
78 79 0.29
79 78 0.68
78 80 0.48
80 78 0.35
78 81 0.46
81 78 0.25
79 76 0.29
76 79 0.8
79 77 0.01
77 79 0.22
79 78 0.66
78 79 0.23
79 80 0.47
80 79 0.3
79 82 0.97
82 79 0.32
79 158 0.93
158 79 0.51
80 13 0.45
13 80 0.78
80 77 0.0
77 80 0.56
80 78 0.03
78 80 0.02
80 79 0.85
79 80 0.84
80 82 0.47
82 80 0.63
80 314 0.55
314 80 0.07
81 78 0.08
78 81 0.36
81 82 0.46
82 81 0.21
81 84 0.74
84 81 0.39
81 148 0.76
148 81 0.24
81 164 0.97
164 81 0.83
82 79 0.56
79 82 0.3
82 80 0.53
80 82 0.99
82 81 0.3
81 82 0.53
82 83 0.89
83 82 0.27
82 84 0.62
84 82 0.33
82 85 0.06
85 82 0.89
82 326 0.03
326 82 0.16
83 82 0.46
82 83 0.51
83 84 0.35
84 83 0.17
83 85 0.68
85 83 0.28
83 86 0.31
86 83 0.36
83 129 0.76
129 83 0.8
84 81 0.89
81 84 0.64
84 82 0.34
82 84 0.25
84 83 0.54
83 84 0.16
84 86 0.59
86 84 0.25
84 87 0.55
87 84 0.76
84 489 0.97
489 84 0.41
85 82 0.86
82 85 0.53
85 83 0.17
83 85 0.51
85 86 0.7
86 85 0.85
85 87 0.98
87 85 0.25
85 88 0.6
88 85 0.7
85 312 0.93
312 85 0.49
85 357 0.74
357 85 0.32
86 83 0.61
83 86 0.46
86 84 0.17
84 86 0.59
86 85 0.94
85 86 0.63
86 87 0.78
87 86 0.77
86 88 0.02
88 86 0.86
86 89 0.54
89 86 0.58
87 84 0.62
84 87 0.56
87 85 0.97
85 87 0.99
87 86 0.95
86 87 0.08
87 88 0.38
88 87 0.48
87 89 0.97
89 87 0.27
87 90 0.01
90 87 0.93
87 380 0.04
380 87 0.47
88 85 0.9
85 88 0.94
88 86 0.99
86 88 0.57
88 87 0.29
87 88 0.26
88 90 0.98
90 88 0.5
88 91 0.06
91 88 0.34
88 193 0.54
193 88 0.32
89 86 0.25
86 89 0.82
89 87 0.78
87 89 0.53
89 90 0.6
90 89 0.58
89 91 0.56
91 89 0.06
89 92 0.25
92 89 0.2
89 347 0.3
347 89 0.67
90 87 0.26
87 90 0.14
90 88 0.86
88 90 0.83
90 89 0.62
89 90 0.21
90 91 0.23
91 90 0.38
90 93 0.75
93 90 0.05
90 451 0.74
451 90 0.26
91 88 0.36
88 91 0.78
91 89 0.89
89 91 0.38
91 90 0.78
90 91 0.72
91 92 0.17
92 91 0.26
91 93 0.01
93 91 0.36
91 94 0.68
94 91 0.54
92 89 0.94
89 92 0.44
92 91 0.16
91 92 0.31
92 93 0.44
93 92 0.11
92 94 0.78
94 92 0.61
92 95 0.12
95 92 0.94
93 72 0.68
72 93 0.17
93 90 0.1
90 93 0.46
93 91 0.11
91 93 0.07
93 92 0.88
92 93 0.39
93 96 0.21
96 93 0.16
93 207 0.68
207 93 0.23
93 325 0.59
325 93 0.47
93 393 0.6
393 93 0.35
94 91 0.84
91 94 0.34
94 92 0.76
92 94 0.62
94 95 0.8
95 94 0.36
94 97 0.22
97 94 0.2
94 281 0.49
281 94 0.89
94 401 0.78
401 94 0.68
95 92 0.11
92 95 0.47
95 94 0.02
94 95 0.32
95 96 0.05
96 95 0.55
95 97 0.39
97 95 0.52
95 98 0.18
98 95 0.75
96 93 0.36
93 96 0.59
96 95 0.09
95 96 0.3
96 97 0.14
97 96 0.99
96 98 0.66
98 96 1.0
96 99 0.56
99 96 0.12
96 312 0.77
312 96 0.89
97 94 0.79
94 97 0.78
97 95 0.51
95 97 0.38
97 96 0.08
96 97 0.79
97 98 0.57
98 97 0.37
97 99 0.97
99 97 0.51
97 100 0.71
100 97 0.95
97 365 0.1
365 97 0.64
98 95 0.87
95 98 0.53
98 96 0.3
96 98 0.18
98 97 0.84
97 98 0.42
98 99 0.94
99 98 0.01
98 100 0.05
100 98 0.6
98 101 0.35
101 98 0.69
99 96 0.21
96 99 0.7
99 97 0.33
97 99 0.81
99 98 0.31
98 99 0.47
99 100 0.31
100 99 0.82
99 101 0.6
101 99 0.08
99 102 0.34
102 99 0.23
100 97 0.23
97 100 0.33
100 98 0.75
98 100 0.37
100 99 0.6
99 100 0.18
100 101 0.48
101 100 0.43
100 102 0.61
102 100 0.53
100 103 0.23
103 100 0.45
101 98 0.85
98 101 0.45
101 99 0.91
99 101 0.54
101 100 0.84
100 101 0.07
101 102 0.83
102 101 0.62
101 103 0.84
103 101 0.43
101 104 0.3
104 101 0.77
102 99 0.56
99 102 0.03
102 100 0.91
100 102 0.2
102 101 0.38
101 102 0.04
102 103 0.87
103 102 0.9
102 105 0.38
105 102 0.51
102 258 0.65
258 102 0.4
103 100 0.77
100 103 0.64
103 101 0.04
101 103 0.13
103 102 0.89
102 103 0.93
103 104 0.55
104 103 0.51
103 105 0.89
105 103 0.32
103 106 0.38
106 103 0.47
104 69 0.04
69 104 0.94
104 101 0.44
101 104 0.3
104 103 0.85
103 104 0.9
104 106 0.13
106 104 0.3
104 107 0.38
107 104 0.05
104 290 0.03
290 104 0.83
105 102 0.84
102 105 0.45
105 103 0.27
103 105 0.32
105 106 0.94
106 105 0.7
105 107 0.12
107 105 0.55
105 108 0.92
108 105 0.48
105 244 0.78
244 105 0.85
106 103 0.8
103 106 0.91
106 104 0.59
104 106 0.5
106 105 0.66
105 106 0.52
106 108 0.83
108 106 0.25
106 109 0.82
109 106 0.19
106 197 0.81
197 106 0.18
106 473 0.91
473 106 0.11
107 104 0.33
104 107 0.08
107 105 0.2
105 107 0.8
107 271 0.96
271 107 0.41
107 336 0.87
336 107 0.56
107 384 0.94
384 107 0.62
108 50 0.38
50 108 0.55
108 58 0.44
58 108 0.83
108 105 0.7
105 108 0.65
108 106 0.88
106 108 0.64
108 178 0.69
178 108 0.62
108 386 0.37
386 108 0.27
109 106 0.91
106 109 0.63
109 110 0.31
110 109 0.52
109 111 0.61
111 109 0.73
109 112 0.26
112 109 0.9
109 469 0.1
469 109 0.8
110 109 0.49
109 110 0.34
110 111 0.74
111 110 0.27
110 112 0.02
112 110 0.65
110 113 0.97
113 110 0.4
111 109 0.62
109 111 0.97
111 110 0.85
110 111 0.08
111 112 0.44
112 111 0.58
111 113 0.08
113 111 0.96
111 114 0.18
114 111 0.68
112 109 0.9
109 112 0.2
112 110 0.88
110 112 0.75
112 111 0.56
111 112 0.2
112 113 0.54
113 112 0.94
112 114 0.31
114 112 0.65
112 144 0.46
144 112 0.24
112 314 0.81
314 112 0.53
113 110 0.21
110 113 0.78
113 111 0.61
111 113 0.14
113 112 0.69
112 113 0.45
113 114 0.87
114 113 0.95
113 115 0.96
115 113 0.71
113 116 0.34
116 113 0.89
114 111 0.35
111 114 0.89
114 112 0.51
112 114 0.72
114 113 0.12
113 114 0.53
114 115 0.18
115 114 0.85
114 116 0.92
116 114 0.42
114 265 0.98
265 114 0.6
114 366 0.48
366 114 0.04
115 113 0.54
113 115 0.78
115 114 0.88
114 115 0.6
115 116 0.37
116 115 0.33
115 117 0.81
117 115 0.96
115 118 0.36
118 115 0.46
116 113 0.3
113 116 0.12
116 114 0.89
114 116 0.93
116 115 0.64
115 116 0.54
116 117 0.72
117 116 0.99
116 119 0.37
119 116 0.9
116 413 0.39
413 116 0.66
116 447 0.56
447 116 0.11
117 115 0.2
115 117 0.5
117 116 0.83
116 117 0.15
117 118 0.33
118 117 0.13
117 119 0.77
119 117 0.4
117 120 0.55
120 117 0.35
118 115 0.94
115 118 0.44
118 117 0.84
117 118 0.1
118 119 0.47
119 118 0.08
118 120 0.51
120 118 0.66
118 121 0.95
121 118 0.14
119 16 0.37
16 119 0.97
119 116 0.26
116 119 0.74
119 117 0.22
117 119 0.39
119 118 0.02
118 119 0.31
119 121 0.53
121 119 0.45
119 146 0.32
146 119 0.63
120 117 0.11
117 120 0.55
120 118 0.29
118 120 0.91
120 122 0.5
122 120 0.75
120 123 0.36
123 120 0.81
120 486 0.3
486 120 0.62
120 492 0.68
492 120 0.03
121 118 0.74
118 121 0.0
121 119 0.65
119 121 0.67
121 122 0.65
122 121 0.36
121 123 0.11
123 121 0.68
121 124 0.97
124 121 0.08
121 475 0.35
475 121 0.65
122 120 0.25
120 122 0.34
122 121 0.23
121 122 0.52
122 123 0.86
123 122 0.78
122 124 0.89
124 122 0.03
122 125 0.2
125 122 0.41
123 120 0.9
120 123 0.36
123 121 0.17
121 123 0.28
123 122 0.29
122 123 0.9
123 125 0.04
125 123 0.97
123 126 0.14
126 123 0.55
123 303 0.37
303 123 0.37
124 121 0.3
121 124 0.26
124 122 0.85
122 124 0.61
124 126 0.11
126 124 0.44
124 127 0.06
127 124 0.81
124 134 0.75
134 124 0.57
124 213 0.69
213 124 0.42
125 122 0.6
122 125 0.96
125 123 0.15
123 125 0.03
125 126 0.88
126 125 0.4
125 127 0.05
127 125 0.01
125 128 0.4
128 125 0.25
126 123 0.8
123 126 0.78
126 124 0.59
124 126 0.96
126 125 0.6
125 126 0.58
126 127 0.31
127 126 0.8
126 128 0.96
128 126 0.25
126 129 0.57
129 126 0.44
127 124 0.33
124 127 0.27
127 125 0.24
125 127 0.49
127 126 0.34
126 127 0.71
127 128 0.87
128 127 0.71
127 129 0.25
129 127 0.83
127 130 0.6
130 127 0.98
127 262 0.07
262 127 0.8
127 401 0.3
401 127 0.33
128 125 0.31
125 128 0.51
128 126 0.53
126 128 0.29
128 127 0.63
127 128 0.09
128 130 0.0
130 128 0.1
128 131 0.95
131 128 0.18
128 269 0.71
269 128 0.17
129 83 0.65
83 129 0.31
129 126 0.81
126 129 0.61
129 127 0.63
127 129 0.47
129 130 0.18
130 129 0.93
129 131 0.89
131 129 0.47
130 127 0.96
127 130 0.56
130 128 0.74
128 130 0.87
130 129 0.37
129 130 0.06
130 131 0.91
131 130 0.18
130 132 0.2
132 130 0.14
130 133 0.46
133 130 0.28
131 128 0.28
128 131 0.52
131 129 0.21
129 131 0.07
131 130 0.45
130 131 0.15
131 132 0.65
132 131 0.9
131 133 0.07
133 131 0.37
131 134 0.88
134 131 0.79
132 130 0.06
130 132 0.19
132 131 0.13
131 132 0.38
132 133 0.07
133 132 0.8
132 134 0.47
134 132 0.78
132 135 0.75
135 132 0.2
133 130 0.58
130 133 0.39
133 131 0.66
131 133 0.84
133 132 0.03
132 133 0.96
133 134 0.65
134 133 0.58
133 135 0.51
135 133 0.26
133 136 0.64
136 133 0.07
134 124 0.97
124 134 0.07
134 131 0.96
131 134 0.88
134 132 0.18
132 134 0.29
134 133 0.78
133 134 0.06
134 135 0.77
135 134 0.81
134 136 0.24
136 134 0.64
134 137 0.05
137 134 0.9
135 132 0.62
132 135 0.56
135 133 0.95
133 135 0.42
135 134 0.77
134 135 0.1
135 136 0.68
136 135 0.89
135 137 0.14
137 135 0.06
135 488 0.38
488 135 0.45
136 133 0.31
133 136 0.44
136 134 0.56
134 136 0.46
136 135 0.59
135 136 0.59
136 137 0.07
137 136 0.95
136 138 0.81
138 136 0.35
136 272 0.24
272 136 0.58
137 39 0.63
39 137 0.87
137 134 0.58
134 137 0.6
137 135 0.75
135 137 0.32
137 136 0.2
136 137 0.15
137 140 0.99
140 137 0.96
137 231 0.33
231 137 0.5
138 136 0.93
136 138 0.24
138 140 0.7
140 138 0.86
138 185 0.82
185 138 0.43
138 403 0.22
403 138 0.26
139 140 0.62
140 139 0.73
139 141 0.96
141 139 0.84
139 142 0.86
142 139 0.86
140 137 0.61
137 140 0.69
140 138 0.33
138 140 0.0
140 139 0.2
139 140 0.66
140 141 0.28
141 140 0.81
140 142 0.75
142 140 0.35
140 143 0.07
143 140 0.37
141 139 0.81
139 141 0.87
141 140 0.28
140 141 0.22
141 142 0.92
142 141 0.31
141 143 0.61
143 141 0.32
141 144 0.9
144 141 0.17
142 139 0.69
139 142 0.5
142 140 0.76
140 142 0.06
142 141 0.17
141 142 0.19
142 143 0.01
143 142 0.1
142 145 0.99
145 142 0.41
142 468 0.64
468 142 0.66
143 140 0.49
140 143 0.05
143 141 0.48
141 143 0.14
143 142 0.52
142 143 0.9
143 144 0.84
144 143 0.9
143 146 0.3
146 143 0.67
143 467 0.79
467 143 0.26
144 112 0.23
112 144 0.55
144 141 0.25
141 144 0.95
144 143 0.06
143 144 0.77
144 145 0.3
145 144 0.73
144 147 0.71
147 144 0.73
145 142 0.57
142 145 0.32
145 144 0.71
144 145 0.0
145 146 0.06
146 145 0.03
145 147 0.21
147 145 0.93
145 148 0.08
148 145 0.7
146 119 0.07
119 146 0.26
146 143 0.18
143 146 0.39
146 145 0.65
145 146 0.61
146 147 0.58
147 146 0.06
146 148 0.24
148 146 0.0
146 149 0.79
149 146 0.6
147 144 0.06
144 147 0.5
147 145 0.52
145 147 0.35
147 146 0.72
146 147 0.03
147 148 0.08
148 147 0.75
147 150 0.9
150 147 0.49
147 176 0.37
176 147 0.9
148 81 0.5
81 148 0.08
148 145 0.97
145 148 0.82
148 146 0.4
146 148 0.49
148 147 0.24
147 148 0.13
148 149 0.24
149 148 0.68
148 150 0.36
150 148 0.76
148 151 0.14
151 148 0.43
149 16 0.56
16 149 0.73
149 146 0.04
146 149 0.96
149 148 0.87
148 149 0.46
149 150 0.68
150 149 0.79
149 151 0.95
151 149 0.55
149 152 0.56
152 149 0.8
149 288 0.47
288 149 0.52
149 395 0.97
395 149 0.76
150 33 0.49
33 150 0.67
150 147 0.9
147 150 0.71
150 148 0.69
148 150 0.97
150 149 0.29
149 150 0.93
150 151 0.44
151 150 0.6
150 152 0.95
152 150 0.8
150 153 1.0
153 150 0.64
150 199 0.1
199 150 0.22
151 29 0.41
29 151 0.17
151 36 0.37
36 151 0.29
151 148 0.04
148 151 0.42
151 149 0.29
149 151 0.39
151 150 0.3
150 151 0.71
151 152 0.09
152 151 0.1
151 154 0.57
154 151 0.59
152 149 0.24
149 152 0.41
152 150 0.84
150 152 0.46
152 151 0.96
151 152 0.95
152 153 0.67
153 152 0.28
152 155 0.32
155 152 0.23
152 441 0.35
441 152 0.77
153 150 0.76
150 153 0.1
153 152 0.17
152 153 0.12
153 154 0.94
154 153 0.65
153 155 0.02
155 153 0.34
153 156 0.52
156 153 0.43
153 447 0.98
447 153 0.47
154 151 0.19
151 154 0.31
154 153 0.73
153 154 0.11
154 155 0.11
155 154 0.59
154 156 0.62
156 154 0.03
154 157 0.23
157 154 0.67
155 152 0.91
152 155 0.73
155 153 0.74
153 155 0.58
155 154 0.62
154 155 0.57
155 156 0.83
156 155 0.68
155 157 0.61
157 155 0.46
155 158 0.01
158 155 0.14
156 49 0.96
49 156 0.5
156 153 0.87
153 156 0.65
156 154 0.17
154 156 0.9
156 155 0.17
155 156 0.57
156 157 0.57
157 156 0.43
156 159 0.08
159 156 0.85
157 154 0.31
154 157 0.19
157 155 0.83
155 157 0.18
157 156 0.72
156 157 0.97
157 158 0.72
158 157 0.79
157 160 0.52
160 157 0.75
157 352 0.42
352 157 0.55
157 354 0.53
354 157 0.88
158 79 0.25
79 158 0.1
158 155 0.94
155 158 0.59
158 157 0.39
157 158 0.53
158 159 0.03
159 158 0.03
158 160 0.93
160 158 0.49
158 161 0.6
161 158 0.3
159 156 0.66
156 159 0.8
159 158 0.64
158 159 0.58
159 160 0.72
160 159 0.03
159 161 0.01
161 159 0.43
159 162 0.36
162 159 0.78
160 60 0.93
60 160 0.62
160 157 0.66
157 160 0.03
160 158 0.53
158 160 0.53
160 159 0.93
159 160 0.37
160 162 0.7
162 160 0.02
160 163 0.84
163 160 0.07
160 475 0.46
475 160 0.87
161 158 0.57
158 161 0.92
161 159 0.91
159 161 0.86
161 162 0.37
162 161 0.08
161 163 0.37
163 161 0.31
161 164 0.69
164 161 0.51
161 415 0.44
415 161 0.46
161 443 0.63
443 161 0.95
162 159 0.39
159 162 0.43
162 160 0.98
160 162 0.5
162 161 0.27
161 162 0.96
162 163 0.46
163 162 0.53
162 165 0.11
165 162 0.13
162 415 0.81
415 162 0.4
163 160 0.45
160 163 0.68
163 161 0.69
161 163 0.18
163 162 0.81
162 163 0.96
163 164 0.09
164 163 0.31
163 165 0.45
165 163 0.4
163 166 0.06
166 163 0.04
163 404 0.92
404 163 0.9
164 81 0.21
81 164 0.35
164 161 0.67
161 164 0.42
164 163 0.37
163 164 0.75
164 167 0.33
167 164 0.8
164 466 0.14
466 164 0.99
165 162 0.64
162 165 0.94
165 163 0.11
163 165 0.9
165 166 0.67
166 165 0.63
165 167 0.5
167 165 0.76
165 168 0.09
168 165 0.84
166 58 0.19
58 166 0.73
166 163 0.88
163 166 0.73
166 165 0.77
165 166 0.34
166 167 0.53
167 166 0.4
166 168 0.81
168 166 0.81
166 169 0.29
169 166 0.16
166 334 0.16
334 166 0.04
166 411 0.92
411 166 0.28
167 164 0.81
164 167 0.12
167 165 0.85
165 167 0.11
167 166 0.32
166 167 0.15
167 168 0.71
168 167 0.32
167 169 0.09
169 167 0.15
167 170 0.66
170 167 0.33
167 337 0.64
337 167 0.83
168 165 0.47
165 168 0.21
168 166 0.02
166 168 0.17
168 167 0.98
167 168 0.1
168 169 0.43
169 168 1.0
168 170 0.67
170 168 0.06
168 171 0.34
171 168 0.34
169 166 0.75
166 169 0.55
169 167 0.91
167 169 0.31
169 168 0.66
168 169 0.48
169 170 0.01
170 169 0.29
169 171 0.61
171 169 0.62
169 296 0.09
296 169 0.35
170 167 0.53
167 170 0.13
170 168 0.11
168 170 0.04
170 169 0.84
169 170 0.49
170 171 0.38
171 170 0.35
170 172 0.49
172 170 0.25
170 173 0.16
173 170 0.3
170 400 0.64
400 170 0.43
171 19 0.97
19 171 0.48
171 168 0.18
168 171 0.99
171 169 0.23
169 171 0.62
171 170 0.9
170 171 0.13
171 173 0.29
173 171 0.6
171 174 0.44
174 171 0.32
172 170 0.66
170 172 0.79
172 173 0.84
173 172 0.34
172 174 1.0
174 172 0.17
172 175 0.76
175 172 0.39
173 24 0.47
24 173 0.94
173 170 0.58
170 173 0.53
173 171 0.25
171 173 0.03
173 172 0.05
172 173 0.77
173 174 0.79
174 173 0.94
173 176 0.43
176 173 0.97
174 171 0.71
171 174 0.72
174 172 0.96
172 174 0.64
174 173 0.98
173 174 0.52
174 175 0.35
175 174 0.78
174 176 0.89
176 174 0.58
174 177 0.24
177 174 0.87
174 408 0.8
408 174 0.45
175 59 0.07
59 175 0.5
175 172 0.27
172 175 0.75
175 174 0.8
174 175 0.96
175 177 0.66
177 175 0.32
175 178 0.5
178 175 0.87
175 474 0.94
474 175 0.71
176 147 0.32
147 176 0.13
176 173 0.64
173 176 0.99
176 174 0.52
174 176 0.76
176 178 0.35
178 176 0.69
176 179 0.45
179 176 0.84
176 248 0.57
248 176 0.78
177 174 0.59
174 177 0.6
177 175 0.93
175 177 0.94
177 178 0.69
178 177 0.58
177 179 0.9
179 177 0.81
177 352 0.4
352 177 0.22
177 360 0.76
360 177 0.0
178 108 0.35
108 178 0.79
178 175 0.58
175 178 0.12
178 176 0.81
176 178 0.66
178 177 0.99
177 178 0.46
178 179 0.76
179 178 0.5
178 180 0.97
180 178 0.21
178 181 0.57
181 178 0.84
179 176 0.13
176 179 0.0
179 177 0.46
177 179 0.55
179 178 0.4
178 179 0.14
179 180 0.81
180 179 0.0
179 181 0.03
181 179 0.6
179 182 0.69
182 179 0.03
179 307 0.53
307 179 0.48
179 333 0.73
333 179 0.56
179 442 0.42
442 179 0.74
180 178 0.55
178 180 0.04
180 179 0.94
179 180 0.19
180 181 0.02
181 180 0.33
180 183 0.77
183 180 0.36
180 466 0.42
466 180 0.27
181 178 0.15
178 181 0.65
181 179 0.03
179 181 0.44
181 180 0.26
180 181 0.18
181 182 0.08
182 181 0.19
181 183 0.14
183 181 0.66
181 184 0.91
184 181 0.05
182 179 0.82
179 182 0.58
182 181 0.86
181 182 0.4
182 183 0.73
183 182 0.34
182 184 0.46
184 182 0.98
182 185 0.3
185 182 0.33
183 71 0.35
71 183 0.77
183 180 0.84
180 183 0.54
183 181 0.62
181 183 0.52
183 182 0.47
182 183 0.04
183 184 0.93
184 183 0.63
183 185 0.91
185 183 0.73
184 181 0.66
181 184 0.69
184 182 0.98
182 184 0.26
184 183 0.51
183 184 0.76
184 185 0.25
185 184 0.9
184 186 0.3
186 184 0.69
184 187 0.62
187 184 0.61
185 138 0.18
138 185 0.06
185 182 0.21
182 185 0.54
185 183 0.08
183 185 0.66
185 184 0.91
184 185 0.06
185 186 0.88
186 185 0.25
185 187 0.05
187 185 0.23
185 188 0.73
188 185 0.87
186 184 0.53
184 186 0.68
186 185 0.85
185 186 0.33
186 188 0.02
188 186 0.21
186 189 0.06
189 186 0.74
186 223 0.23
223 186 0.77
187 184 0.16
184 187 0.29
187 185 0.6
185 187 0.13
187 188 0.48
188 187 0.32
187 189 0.5
189 187 0.97
187 190 0.28
190 187 0.35
188 185 0.93
185 188 0.15
188 186 0.39
186 188 0.55
188 187 0.27
187 188 0.79
188 189 0.86
189 188 0.47
188 190 0.74
190 188 0.45
188 191 0.72
191 188 0.56
189 186 0.63
186 189 0.74
189 187 0.3
187 189 0.41
189 188 0.95
188 189 0.04
189 190 0.62
190 189 0.13
189 191 0.85
191 189 0.19
189 358 0.03
358 189 0.36
190 12 0.34
12 190 0.51
190 62 0.51
62 190 0.68
190 187 0.79
187 190 0.72
190 188 0.17
188 190 0.98
190 189 0.06
189 190 0.46
190 193 0.14
193 190 0.29
191 188 0.04
188 191 0.48
191 189 0.48
189 191 0.24
191 192 0.59
192 191 0.52
191 193 0.76
193 191 0.89
191 194 0.58
194 191 0.33
191 255 0.3
255 191 0.74
192 191 0.31
191 192 0.91
192 193 0.33
193 192 0.32
192 194 0.75
194 192 0.62
192 195 0.28
195 192 0.71
193 88 0.82
88 193 0.32
193 190 0.18
190 193 0.74
193 191 0.19
191 193 0.67
193 192 0.93
192 193 0.66
193 194 0.17
194 193 0.36
193 195 0.24
195 193 0.81
193 196 0.63
196 193 0.6
194 191 0.17
191 194 0.03
194 192 0.77
192 194 0.74
194 193 0.5
193 194 0.68
194 195 0.34
195 194 0.75
194 196 0.67
196 194 0.26
194 197 0.31
197 194 0.78
194 276 0.99
276 194 0.65
194 471 0.67
471 194 0.57
195 192 0.88
192 195 0.53
195 193 0.27
193 195 0.01
195 194 0.03
194 195 0.15
195 196 0.6
196 195 0.01
195 197 0.49
197 195 0.57
195 198 0.84
198 195 0.46
196 48 0.4
48 196 0.94
196 193 0.52
193 196 0.55
196 194 0.67
194 196 0.13
196 195 0.7
195 196 0.3
196 197 0.79
197 196 0.5
196 198 0.93
198 196 0.06
196 199 0.37
199 196 0.97
197 106 0.31
106 197 0.56
197 194 0.25
194 197 0.27
197 195 0.05
195 197 0.86
197 196 0.3
196 197 0.94
197 198 0.28
198 197 0.73
197 199 0.23
199 197 0.27
197 208 0.66
208 197 0.54
198 195 0.18
195 198 0.7
198 196 0.82
196 198 0.96
198 197 0.3
197 198 0.29
198 199 0.55
199 198 0.02
198 201 0.29
201 198 0.15
198 466 0.67
466 198 0.84
199 150 0.49
150 199 0.66
199 196 0.42
196 199 0.04
199 197 0.42
197 199 0.04
199 198 0.97
198 199 0.53
199 201 0.58
201 199 0.8
199 202 0.04
202 199 0.18
200 202 0.75
202 200 0.55
200 203 0.24
203 200 0.69
200 236 0.8
236 200 0.39
201 19 0.06
19 201 0.59
201 198 0.33
198 201 0.49
201 199 0.48
199 201 0.86
201 202 0.86
202 201 0.33
201 204 0.73
204 201 0.07
202 67 0.63
67 202 0.21
202 199 0.34
199 202 0.87
202 200 0.33
200 202 0.99
202 201 0.62
201 202 0.31
202 204 0.9
204 202 0.77
202 245 0.09
245 202 0.99
203 200 0.07
200 203 0.82
203 204 0.15
204 203 0.88
203 205 0.41
205 203 0.04
203 351 0.5
351 203 0.24
203 419 0.12
419 203 0.1
204 201 0.84
201 204 0.79
204 202 0.79
202 204 0.09
204 203 0.03
203 204 0.9
204 205 0.19
205 204 0.73
204 206 0.41
206 204 0.28
204 319 0.77
319 204 0.01
204 478 0.68
478 204 0.14
205 203 0.14
203 205 0.75
205 204 0.13
204 205 0.03
205 206 0.43
206 205 0.16
205 207 0.7
207 205 0.68
205 208 0.38
208 205 0.4
206 204 0.89
204 206 0.27
206 205 0.04
205 206 0.57
206 207 0.42
207 206 0.43
206 208 0.34
208 206 0.2
206 209 0.48
209 206 0.12
207 77 0.7
77 207 0.29
207 93 0.67
93 207 0.43
207 205 0.64
205 207 1.0
207 206 0.86
206 207 0.75
207 208 0.91
208 207 0.59
207 209 0.17
209 207 0.08
207 217 0.54
217 207 0.53
208 197 0.49
197 208 0.93
208 205 0.08
205 208 0.6
208 206 0.88
206 208 0.29
208 207 0.78
207 208 1.0
208 209 0.04
209 208 0.56
208 210 0.5
210 208 0.26
208 211 0.51
211 208 0.23
209 206 0.21
206 209 0.41
209 207 0.39
207 209 0.36
209 208 0.96
208 209 0.53
209 210 0.98
210 209 0.27
209 212 0.63
212 209 0.08
209 440 0.36
440 209 0.85
210 208 0.33
208 210 0.2
210 209 0.29
209 210 0.33
210 211 0.9
211 210 0.45
210 212 0.24
212 210 0.83
210 213 0.78
213 210 0.46
211 208 0.45
208 211 0.55
211 210 0.72
210 211 0.95
211 212 0.26
212 211 0.93
211 213 0.91
213 211 0.83
211 214 0.22
214 211 0.96
211 267 0.28
267 211 0.62
212 209 0.72
209 212 0.32
212 210 0.05
210 212 0.05
212 211 0.97
211 212 0.36
212 213 0.62
213 212 0.66
212 214 0.5
214 212 0.9
212 215 0.55
215 212 0.98
213 53 0.08
53 213 0.36
213 124 0.85
124 213 0.97
213 210 0.86
210 213 0.1
213 211 0.53
211 213 0.29
213 212 0.41
212 213 0.61
213 215 0.54
215 213 0.41
213 216 0.62
216 213 0.18
214 211 0.24
211 214 0.74
214 212 0.32
212 214 0.05
214 215 0.93
215 214 0.55
214 216 0.19
216 214 0.38
214 217 0.57
217 214 0.57
215 212 0.1
212 215 0.23
215 213 0.37
213 215 0.33
215 214 0.3
214 215 0.51
215 216 0.54
216 215 0.27
215 217 0.96
217 215 0.01
215 218 0.04
218 215 0.77
216 45 0.38
45 216 0.32
216 213 0.21
213 216 0.79
216 214 0.88
214 216 0.84
216 215 0.55
215 216 0.78
216 219 0.42
219 216 0.4
216 441 0.82
441 216 0.2
217 207 0.14
207 217 0.25
217 214 0.12
214 217 0.61
217 215 0.48
215 217 0.64
217 219 0.53
219 217 0.72
217 220 0.51
220 217 0.83
217 263 0.61
263 217 0.96
218 215 0.99
215 218 0.48
218 219 0.73
219 218 0.9
218 220 0.26
220 218 0.87
218 221 0.69
221 218 0.72
219 216 0.89
216 219 0.41
219 217 0.24
217 219 0.55
219 218 0.04
218 219 0.09
219 221 0.04
221 219 0.31
219 222 0.04
222 219 0.68
219 238 0.55
238 219 0.09
220 26 0.71
26 220 0.57
220 217 0.39
217 220 0.19
220 218 0.12
218 220 0.17
220 221 0.06
221 220 0.9
220 222 0.42
222 220 0.47
220 480 0.24
480 220 0.22
221 218 0.17
218 221 0.48
221 219 0.75
219 221 0.27
221 220 0.83
220 221 0.3
221 222 0.29
222 221 0.02
221 223 0.44
223 221 0.76
221 224 0.84
224 221 0.83
222 219 0.78
219 222 0.32
222 220 0.03
220 222 0.9
222 221 0.36
221 222 0.23
222 223 0.98
223 222 0.3
222 224 0.5
224 222 0.45
222 476 0.21
476 222 0.01
223 186 0.88
186 223 0.13
223 221 0.3
221 223 0.23
223 222 0.91
222 223 0.7
223 224 0.07
224 223 0.41
223 225 0.82
225 223 0.08
223 226 0.36
226 223 0.3
224 221 0.92
221 224 0.95
224 222 0.46
222 224 0.8
224 223 0.29
223 224 0.64
224 225 0.3
225 224 0.45
224 227 0.38
227 224 0.62
224 337 0.75
337 224 0.91
225 223 0.62
223 225 0.79
225 224 0.83
224 225 0.74
225 226 0.44
226 225 0.18
225 227 0.09
227 225 0.34
225 228 0.16
228 225 0.68
226 223 0.12
223 226 0.23
226 225 0.89
225 226 0.12
226 227 0.37
227 226 0.76
226 228 0.07
228 226 0.7
226 229 0.63
229 226 0.37
227 224 0.45
224 227 0.87
227 225 0.36
225 227 0.84
227 226 0.37
226 227 0.81
227 228 0.87
228 227 0.88
227 230 0.12
230 227 0.47
227 313 0.07
313 227 0.24
227 489 0.44
489 227 0.17
228 225 0.39
225 228 0.78
228 226 0.38
226 228 0.82
228 227 0.05
227 228 0.2
228 229 0.06
229 228 0.3
228 230 0.72
230 228 0.5
228 231 0.16
231 228 0.8
229 226 0.61
226 229 0.93
229 228 0.77
228 229 0.82
229 230 0.37
230 229 0.32
229 231 0.82
231 229 0.32
229 232 0.97
232 229 0.55
229 354 0.99
354 229 0.23
230 227 0.93
227 230 0.94
230 228 0.16
228 230 0.17
230 229 0.38
229 230 0.47
230 231 0.29
231 230 0.66
230 232 0.68
232 230 0.04
230 233 0.76
233 230 0.84
230 472 0.36
472 230 0.46
231 137 0.52
137 231 0.23
231 228 0.03
228 231 0.72
231 229 0.8
229 231 0.35
231 230 0.59
230 231 0.95
231 233 0.08
233 231 0.88
231 234 0.31
234 231 0.05
231 438 0.35
438 231 0.72
232 229 0.84
229 232 0.88
232 230 0.79
230 232 0.36
232 233 0.84
233 232 0.79
232 235 0.58
235 232 0.32
232 426 0.42
426 232 0.14
233 230 0.9
230 233 0.39
233 231 0.76
231 233 0.24
233 232 0.62
232 233 0.05
233 234 0.31
234 233 0.24
233 235 0.38
235 233 0.84
233 236 0.22
236 233 0.02
233 335 0.9
335 233 0.47
234 231 0.64
231 234 0.98
234 233 0.66
233 234 0.11
234 235 0.13
235 234 0.92
234 236 0.38
236 234 0.48
234 237 0.54
237 234 0.46
235 232 0.51
232 235 0.5
235 233 0.24
233 235 0.52
235 234 0.01
234 235 0.56
235 236 0.11
236 235 0.11
235 237 0.47
237 235 0.53
235 238 0.18
238 235 0.87
236 200 0.24
200 236 0.78
236 233 0.04
233 236 0.53
236 234 0.38
234 236 0.19
236 235 0.44
235 236 0.23
236 237 0.73
237 236 0.92
236 238 0.99
238 236 0.15
236 239 1.0
239 236 0.24
237 234 0.28
234 237 0.61
237 235 0.96
235 237 0.4
237 236 0.51
236 237 0.39
237 238 0.66
238 237 0.26
237 240 0.51
240 237 0.99
237 249 0.05
249 237 0.65
237 389 0.63
389 237 0.49
238 219 0.63
219 238 0.9
238 235 0.79
235 238 0.11
238 236 0.99
236 238 0.06
238 237 0.27
237 238 0.88
238 239 0.02
239 238 0.17
238 240 0.91
240 238 0.64
238 241 0.24
241 238 0.67
238 385 0.04
385 238 0.06
239 236 0.46
236 239 0.87
239 238 0.68
238 239 0.69
239 240 0.42
240 239 0.29
239 242 0.77
242 239 0.41
239 355 0.38
355 239 0.63
239 410 0.21
410 239 0.69
240 237 0.04
237 240 0.39
240 238 0.92
238 240 0.93
240 239 0.69
239 240 0.58
240 241 0.67
241 240 0.56
240 242 0.56
242 240 0.72
240 243 0.43
243 240 0.81
240 368 0.71
368 240 0.43
241 238 0.57
238 241 0.8
241 240 0.86
240 241 0.65
241 242 0.28
242 241 0.74
241 244 0.44
244 241 0.15
241 350 0.01
350 241 0.65
242 38 0.15
38 242 0.94
242 239 0.41
239 242 0.3
242 240 0.9
240 242 0.88
242 241 0.09
241 242 0.58
242 244 0.86
244 242 0.36
242 245 0.81
245 242 0.86
242 395 0.92
395 242 0.1
243 52 0.93
52 243 0.87
243 240 0.79
240 243 0.81
243 244 0.22
244 243 0.61
243 246 0.18
246 243 0.78
243 353 0.79
353 243 0.53
244 105 0.61
105 244 0.92
244 241 0.95
241 244 0.45
244 242 0.39
242 244 0.82
244 243 0.71
243 244 0.94
244 245 0.13
245 244 0.36
244 246 0.53
246 244 0.13
245 52 0.61
52 245 0.32
245 59 0.94
59 245 0.45
245 202 0.17
202 245 0.47
245 242 0.82
242 245 0.71
245 244 0.56
244 245 0.81
245 247 0.95
247 245 0.2
245 292 0.26
292 245 0.48
245 426 0.52
426 245 0.24
246 243 0.41
243 246 0.39
246 244 0.57
244 246 0.04
246 247 0.98
247 246 0.41
246 248 0.58
248 246 0.99
246 249 0.28
249 246 0.08
247 245 0.47
245 247 0.42
247 246 0.43
246 247 0.23
247 248 0.3
248 247 0.87
247 249 0.65
249 247 0.74
247 250 0.96
250 247 0.3
248 7 0.17
7 248 0.56
248 176 0.87
176 248 0.11
248 246 0.73
246 248 0.62
248 247 0.58
247 248 0.52
248 249 0.72
249 248 0.17
248 250 0.7
250 248 0.12
248 251 0.31
251 248 0.49
249 16 0.75
16 249 0.47
249 37 0.43
37 249 0.3
249 237 0.6
237 249 0.58
249 246 0.39
246 249 0.84
249 247 0.24
247 249 0.32
249 248 0.17
248 249 0.89
249 252 0.19
252 249 0.92
249 257 0.03
257 249 0.73
250 247 0.98
247 250 0.92
250 248 0.23
248 250 0.39
250 251 0.16
251 250 0.52
250 252 0.78
252 250 0.96
250 253 0.96
253 250 0.93
251 248 0.29
248 251 0.48
251 250 0.86
250 251 0.4
251 252 0.32
252 251 0.3
251 253 0.4
253 251 0.12
251 254 0.65
254 251 0.07
252 249 0.21
249 252 0.21
252 250 0.75
250 252 0.12
252 251 0.48
251 252 0.36
252 253 0.27
253 252 0.79
252 255 0.45
255 252 0.43
252 356 0.44
356 252 0.57
253 250 0.05
250 253 0.39
253 251 0.11
251 253 0.76
253 252 0.65
252 253 0.76
253 254 0.8
254 253 0.82
253 255 0.74
255 253 0.66
253 312 0.63
312 253 0.59
254 251 0.3
251 254 0.83
254 253 0.15
253 254 0.82
254 255 0.89
255 254 0.76
254 256 0.89
256 254 0.12
254 257 0.13
257 254 0.23
255 191 0.45
191 255 0.86
255 252 0.52
252 255 0.02
255 253 0.94
253 255 0.29
255 254 0.06
254 255 0.63
255 256 0.39
256 255 0.18
255 257 0.78
257 255 0.08
256 21 0.46
21 256 0.53
256 254 0.74
254 256 0.45
256 255 0.43
255 256 0.71
256 257 0.95
257 256 0.67
256 258 0.53
258 256 0.39
256 259 0.36
259 256 0.05
257 249 0.96
249 257 0.72
257 254 0.47
254 257 0.14
257 255 0.39
255 257 0.35
257 256 0.59
256 257 0.31
257 258 0.79
258 257 0.44
257 259 0.02
259 257 0.47
258 102 0.64
102 258 0.37
258 256 0.93
256 258 0.9
258 257 0.85
257 258 0.59
258 259 0.26
259 258 0.19
258 260 0.69
260 258 0.49
258 261 0.27
261 258 0.29
258 464 0.03
464 258 0.68
259 256 0.19
256 259 0.1
259 257 0.8
257 259 0.53
259 258 0.96
258 259 0.29
259 260 0.89
260 259 0.17
259 261 0.16
261 259 0.72
259 262 0.72
262 259 0.94
260 258 0.35
258 260 0.31
260 259 1.0
259 260 0.99
260 261 0.09
261 260 0.43
260 262 0.0
262 260 0.81
260 263 0.34
263 260 0.28
261 258 0.2
258 261 0.12
261 259 0.65
259 261 0.27
261 260 0.03
260 261 0.19
261 262 0.06
262 261 0.21
261 263 0.84
263 261 0.76
261 264 0.12
264 261 0.65
262 127 0.88
127 262 0.22
262 259 0.51
259 262 0.1
262 260 0.32
260 262 0.16
262 261 0.97
261 262 0.99
262 265 0.34
265 262 0.25
262 414 0.6
414 262 0.06
262 469 0.56
469 262 0.06
263 217 0.99
217 263 0.19
263 260 0.69
260 263 0.66
263 261 0.99
261 263 0.38
263 264 0.49
264 263 0.16
263 265 0.43
265 263 0.91
263 486 0.19
486 263 0.95
264 49 0.52
49 264 0.62
264 261 0.47
261 264 0.89
264 263 0.17
263 264 0.82
264 265 0.11
265 264 0.39
264 267 0.2
267 264 0.67
265 114 0.42
114 265 0.61
265 262 0.29
262 265 0.31
265 263 0.26
263 265 0.02
265 264 0.67
264 265 0.25
265 267 0.2
267 265 0.06
265 268 0.64
268 265 0.42
265 362 0.7
362 265 0.38
266 267 0.48
267 266 0.19
266 268 0.37
268 266 0.81
266 269 0.13
269 266 0.34
267 211 0.57
211 267 0.57
267 264 0.78
264 267 0.85
267 265 0.7
265 267 0.8
267 266 0.34
266 267 0.9
267 268 0.45
268 267 0.47
267 270 0.29
270 267 0.53
268 265 0.17
265 268 0.52
268 266 0.38
266 268 0.03
268 267 0.69
267 268 0.28
268 269 0.5
269 268 0.66
268 270 0.0
270 268 0.81
268 271 0.99
271 268 0.14
269 128 1.0
128 269 0.35
269 266 0.82
266 269 0.98
269 268 0.95
268 269 0.82
269 270 0.59
270 269 0.73
269 271 0.34
271 269 0.45
269 272 0.36
272 269 0.71
269 485 0.46
485 269 0.01
270 51 0.88
51 270 0.15
270 267 0.7
267 270 0.89
270 268 0.96
268 270 0.75
270 269 0.87
269 270 0.33
270 271 0.14
271 270 0.22
270 272 0.15
272 270 0.21
270 273 0.76
273 270 0.52
270 370 0.49
370 270 0.66
271 107 0.99
107 271 0.9
271 268 0.91
268 271 0.78
271 269 0.85
269 271 0.09
271 270 0.19
270 271 0.13
271 272 0.63
272 271 0.74
271 273 0.83
273 271 0.28
271 274 0.26
274 271 0.4
272 70 0.5
70 272 0.15
272 136 0.16
136 272 0.25
272 269 0.37
269 272 0.91
272 270 0.84
270 272 0.13
272 271 0.02
271 272 0.65
272 273 0.47
273 272 0.92
272 275 0.2
275 272 0.59
273 270 0.74
270 273 0.33
273 271 0.98
271 273 0.48
273 272 0.52
272 273 0.86
273 274 0.3
274 273 0.05
273 275 0.3
275 273 0.51
273 276 0.52
276 273 0.3
274 271 0.71
271 274 0.07
274 273 0.39
273 274 0.17
274 275 0.28
275 274 0.04
274 276 0.56
276 274 0.96
274 277 0.64
277 274 0.67
275 2 0.94
2 275 0.72
275 272 0.4
272 275 0.38
275 273 0.59
273 275 0.67
275 274 0.11
274 275 0.29
275 276 0.68
276 275 0.55
275 278 0.89
278 275 0.46
276 194 0.5
194 276 0.11
276 273 0.4
273 276 0.4
276 274 0.13
274 276 0.17
276 275 0.0
275 276 0.47
276 278 0.48
278 276 0.83
276 279 0.25
279 276 0.24
277 274 0.08
274 277 0.29
277 278 0.75
278 277 0.9
277 279 0.29
279 277 0.85
277 280 0.82
280 277 0.12
277 284 0.26
284 277 0.06
278 72 0.02
72 278 0.93
278 275 0.67
275 278 0.51
278 276 0.34
276 278 0.17
278 277 0.84
277 278 0.72
278 280 0.61
280 278 0.56
278 281 0.5
281 278 0.22
279 276 0.66
276 279 0.12
279 277 0.95
277 279 0.95
279 280 0.35
280 279 0.88
279 281 0.55
281 279 0.82
279 282 0.88
282 279 0.98
280 21 0.67
21 280 0.78
280 277 0.33
277 280 0.35
280 278 0.73
278 280 0.24
280 279 0.36
279 280 0.24
280 282 0.43
282 280 0.87
280 283 0.98
283 280 0.11
280 460 0.48
460 280 0.04
281 94 0.17
94 281 0.28
281 278 0.54
278 281 0.87
281 279 0.75
279 281 0.98
281 283 0.1
283 281 0.46
281 305 0.96
305 281 0.65
281 444 0.98
444 281 0.59
282 279 0.8
279 282 0.42
282 280 0.46
280 282 0.52
282 283 0.76
283 282 0.42
282 284 0.01
284 282 0.45
282 285 0.3
285 282 0.52
282 407 0.47
407 282 0.63
283 60 0.44
60 283 0.36
283 280 0.12
280 283 0.67
283 281 0.22
281 283 0.77
283 282 0.81
282 283 0.88
283 285 0.56
285 283 0.75
283 286 0.78
286 283 0.04
284 277 0.72
277 284 0.96
284 282 0.06
282 284 0.26
284 285 0.91
285 284 0.75
284 286 0.15
286 284 0.67
284 352 0.48
352 284 0.53
285 37 0.07
37 285 0.29
285 70 0.56
70 285 0.62
285 282 0.12
282 285 0.29
285 283 0.78
283 285 1.0
285 284 0.32
284 285 0.39
285 287 0.44
287 285 0.56
285 291 0.72
291 285 0.6
286 283 0.86
283 286 0.95
286 284 0.13
284 286 0.78
286 287 0.91
287 286 0.91
286 288 0.21
288 286 0.03
286 289 0.56
289 286 0.7
287 285 0.16
285 287 0.38
287 286 0.79
286 287 0.21
287 288 0.79
288 287 0.47
287 289 0.89
289 287 0.19
287 290 0.43
290 287 0.98
288 149 0.92
149 288 0.89
288 286 0.26
286 288 0.28
288 287 0.46
287 288 0.45
288 289 0.9
289 288 0.87
288 291 0.04
291 288 0.28
288 296 0.89
296 288 0.45
289 286 0.37
286 289 0.41
289 287 0.9
287 289 0.68
289 288 0.21
288 289 0.16
289 290 0.64
290 289 0.8
289 291 0.29
291 289 0.03
289 292 0.46
292 289 0.44
289 429 0.89
429 289 0.45
290 104 0.9
104 290 0.49
290 287 0.38
287 290 0.18
290 289 0.98
289 290 0.76
290 292 0.61
292 290 0.49
290 293 0.9
293 290 0.64
290 372 0.05
372 290 0.33
291 285 0.87
285 291 0.99
291 288 0.16
288 291 0.62
291 289 0.75
289 291 0.6
291 293 0.77
293 291 0.26
291 294 0.8
294 291 0.42
292 245 0.67
245 292 0.84
292 289 0.75
289 292 0.28
292 290 0.46
290 292 0.47
292 293 0.56
293 292 0.9
292 295 0.17
295 292 0.16
293 290 0.87
290 293 0.6
293 291 0.31
291 293 0.97
293 292 0.48
292 293 0.58
293 294 0.12
294 293 0.35
293 295 0.07
295 293 0.13
293 296 0.59
296 293 0.66
294 291 0.13
291 294 0.35
294 293 0.83
293 294 0.06
294 295 0.44
295 294 0.56
294 296 0.44
296 294 0.25
294 297 0.83
297 294 0.32
295 292 0.24
292 295 0.43
295 293 0.03
293 295 0.13
295 294 0.75
294 295 0.52
295 296 0.76
296 295 0.38
295 297 0.24
297 295 0.27
295 298 0.71
298 295 0.52
295 379 0.69
379 295 0.76
296 169 0.92
169 296 0.25
296 288 0.14
288 296 0.17
296 293 0.22
293 296 0.52
296 294 1.0
294 296 0.4
296 295 0.65
295 296 0.86
296 298 0.08
298 296 0.74
296 312 0.03
312 296 0.68
297 294 0.89
294 297 0.04
297 295 0.25
295 297 0.76
297 299 0.3
299 297 0.98
297 300 0.8
300 297 0.92
297 401 0.25
401 297 0.4
298 295 0.04
295 298 0.2
298 296 0.08
296 298 0.31
298 299 0.1
299 298 0.84
298 300 0.11
300 298 0.94
298 301 0.34
301 298 0.56
299 297 0.51
297 299 0.62
299 298 0.36
298 299 0.72
299 301 0.32
301 299 0.19
299 302 0.01
302 299 0.35
299 449 0.28
449 299 0.66
300 297 0.25
297 300 0.18
300 298 0.14
298 300 0.14
300 301 0.62
301 300 0.31
300 302 0.43
302 300 0.26
300 303 0.36
303 300 0.79
301 298 0.94
298 301 0.18
301 299 0.41
299 301 0.84
301 300 0.19
300 301 0.88
301 302 0.78
302 301 0.04
301 303 0.51
303 301 0.39
301 304 0.61
304 301 0.98
302 299 0.17
299 302 0.01
302 300 0.11
300 302 0.81
302 301 0.67
301 302 0.03
302 303 0.05
303 302 0.59
302 304 0.2
304 302 0.3
302 409 0.11
409 302 0.75
303 123 0.97
123 303 0.55
303 300 0.44
300 303 0.78
303 301 0.93
301 303 0.65
303 302 0.58
302 303 0.44
303 304 0.23
304 303 0.68
303 305 0.74
305 303 0.1
303 306 0.6
306 303 1.0
304 301 0.47
301 304 0.8
304 302 0.53
302 304 0.45
304 303 0.22
303 304 0.87
304 305 0.82
305 304 0.61
304 306 0.57
306 304 0.61
304 372 0.07
372 304 0.11
305 281 0.71
281 305 0.59
305 303 0.27
303 305 0.78
305 304 0.88
304 305 0.25
305 307 0.2
307 305 0.94
305 308 0.04
308 305 0.47
306 303 0.59
303 306 0.58
306 304 0.32
304 306 0.37
306 307 0.86
307 306 0.95
306 308 0.89
308 306 0.11
306 309 0.23
309 306 0.5
307 4 0.62
4 307 0.31
307 179 0.24
179 307 0.93
307 305 0.73
305 307 0.34
307 306 0.91
306 307 0.19
307 308 0.05
308 307 0.16
307 419 0.55
419 307 0.33
308 305 0.22
305 308 0.48
308 306 0.5
306 308 0.57
308 307 0.9
307 308 0.51
308 309 0.1
309 308 0.47
308 310 0.07
310 308 0.74
308 311 0.78
311 308 0.63
309 306 0.74
306 309 0.91
309 308 0.61
308 309 0.65
309 311 0.91
311 309 0.59
309 312 0.27
312 309 0.24
309 410 0.93
410 309 0.32
310 308 0.66
308 310 0.56
310 311 0.14
311 310 0.76
310 312 0.81
312 310 0.81
310 414 0.05
414 310 0.04
311 308 0.0
308 311 0.15
311 309 0.14
309 311 0.17
311 310 0.87
310 311 0.75
311 312 0.12
312 311 0.23
311 313 0.75
313 311 0.97
311 314 0.31
314 311 0.8
312 75 0.79
75 312 0.41
312 85 0.59
85 312 0.65
312 96 0.4
96 312 0.86
312 253 0.73
253 312 0.31
312 296 0.23
296 312 0.69
312 309 0.42
309 312 0.81
312 310 0.77
310 312 0.51
312 311 0.19
311 312 0.09
313 227 1.0
227 313 0.53
313 311 0.7
311 313 0.63
313 314 0.63
314 313 0.29
313 315 0.72
315 313 0.63
314 80 0.25
80 314 0.3
314 112 0.53
112 314 0.25
314 311 0.26
311 314 0.46
314 313 0.29
313 314 0.49
314 315 0.72
315 314 0.66
314 316 0.3
316 314 0.39
314 317 0.61
317 314 0.65
315 313 0.11
313 315 0.72
315 314 0.01
314 315 0.38
315 317 0.31
317 315 0.1
315 318 0.6
318 315 0.7
315 333 0.98
333 315 0.22
316 72 0.86
72 316 0.41
316 314 0.7
314 316 0.21
316 318 0.78
318 316 0.59
316 319 0.01
319 316 0.9
317 33 0.16
33 317 0.29
317 314 0.55
314 317 0.87
317 315 0.64
315 317 0.85
317 318 0.7
318 317 0.0
317 319 0.95
319 317 0.46
317 429 0.71
429 317 0.64
318 45 0.85
45 318 0.53
318 315 0.3
315 318 0.96
318 316 0.07
316 318 0.27
318 317 0.9
317 318 0.74
318 319 0.51
319 318 0.71
318 320 0.18
320 318 0.09
318 321 0.22
321 318 0.81
318 448 0.42
448 318 0.11
319 204 0.31
204 319 0.19
319 316 0.41
316 319 0.28
319 317 0.21
317 319 0.02
319 318 0.99
318 319 0.79
319 320 0.55
320 319 0.33
319 321 0.4
321 319 0.43
319 322 0.59
322 319 0.65
320 318 0.14
318 320 0.69
320 319 0.39
319 320 0.35
320 321 0.28
321 320 0.97
320 322 0.81
322 320 0.58
320 323 0.84
323 320 0.82
320 422 0.72
422 320 0.06
321 47 0.46
47 321 0.19
321 318 0.26
318 321 0.19
321 319 0.3
319 321 0.83
321 320 0.67
320 321 0.59
321 322 0.34
322 321 0.72
321 323 0.1
323 321 0.6
321 324 0.48
324 321 0.37
322 45 0.76
45 322 0.92
322 319 0.91
319 322 0.81
322 320 0.81
320 322 0.58
322 321 0.22
321 322 0.1
322 325 0.31
325 322 0.89
322 383 0.96
383 322 0.1
323 320 0.29
320 323 0.53
323 321 0.19
321 323 0.28
323 324 0.72
324 323 0.74
323 326 0.3
326 323 0.85
323 362 0.83
362 323 0.92
323 448 0.47
448 323 0.9
324 321 0.42
321 324 0.2
324 323 0.42
323 324 0.18
324 326 0.47
326 324 0.01
324 327 0.94
327 324 0.58
324 491 0.75
491 324 0.8
325 93 0.79
93 325 0.24
325 322 0.67
322 325 0.22
325 326 0.79
326 325 0.92
325 470 0.34
470 325 0.42
326 82 0.53
82 326 0.82
326 323 0.16
323 326 0.3
326 324 0.22
324 326 0.26
326 325 0.77
325 326 0.37
326 327 0.73
327 326 0.23
326 328 0.39
328 326 0.31
327 324 0.02
324 327 0.06
327 326 0.35
326 327 0.2
327 328 0.48
328 327 0.79
327 329 0.41
329 327 0.21
327 330 0.64
330 327 0.99
327 393 0.93
393 327 0.2
328 60 0.73
60 328 0.11
328 326 0.95
326 328 0.38
328 327 0.4
327 328 0.52
328 329 0.6
329 328 0.67
328 330 0.02
330 328 0.07
328 475 0.48
475 328 0.32
329 327 0.59
327 329 0.72
329 328 0.74
328 329 0.31
329 330 0.31
330 329 0.95
329 331 0.12
331 329 0.02
329 332 0.04
332 329 0.54
330 327 0.54
327 330 0.39
330 328 0.01
328 330 0.19
330 329 0.48
329 330 0.52
330 331 0.5
331 330 0.31
330 332 0.01
332 330 0.22
330 333 0.3
333 330 0.72
331 329 0.5
329 331 0.16
331 330 0.51
330 331 0.83
331 332 0.48
332 331 0.51
331 333 0.09
333 331 0.46
331 334 0.96
334 331 0.67
332 71 0.3
71 332 0.59
332 329 0.59
329 332 0.15
332 330 0.93
330 332 0.19
332 331 0.4
331 332 0.54
332 333 0.08
333 332 0.7
332 335 0.32
335 332 0.06
332 497 0.45
497 332 1.0
333 179 0.72
179 333 0.26
333 315 0.17
315 333 0.77
333 330 0.88
330 333 0.98
333 331 0.67
331 333 0.6
333 332 0.44
332 333 0.24
333 335 0.76
335 333 0.72
333 336 0.44
336 333 0.15
334 166 0.9
166 334 0.87
334 331 0.74
331 334 0.18
334 335 0.89
335 334 0.26
334 429 0.4
429 334 0.91
335 233 0.52
233 335 0.86
335 332 0.07
332 335 0.89
335 333 0.8
333 335 0.82
335 334 0.91
334 335 0.5
335 336 0.88
336 335 0.94
335 338 0.64
338 335 0.59
335 420 0.48
420 335 0.2
336 107 0.44
107 336 0.97
336 333 0.05
333 336 0.09
336 335 0.34
335 336 0.03
336 337 0.71
337 336 0.12
336 338 0.19
338 336 0.73
336 339 0.65
339 336 0.83
337 167 0.74
167 337 0.24
337 224 0.05
224 337 0.9
337 336 0.03
336 337 0.5
337 339 0.62
339 337 0.91
337 340 0.04
340 337 0.37
338 335 0.63
335 338 0.13
338 336 0.22
336 338 0.74
338 339 0.39
339 338 0.4
338 340 0.14
340 338 0.5
338 341 0.07
341 338 0.3
339 336 0.89
336 339 0.37
339 337 0.39
337 339 0.83
339 338 0.64
338 339 0.05
339 340 0.85
340 339 0.65
339 341 0.56
341 339 0.32
339 342 0.91
342 339 0.13
339 365 0.85
365 339 0.35
340 337 0.99
337 340 0.35
340 338 0.08
338 340 0.53
340 339 0.69
339 340 0.9
340 341 0.38
341 340 0.08
340 342 0.05
342 340 0.69
340 343 0.38
343 340 0.37
341 338 0.21
338 341 0.58
341 339 0.67
339 341 0.39
341 340 0.27
340 341 0.0
341 342 0.62
342 341 0.29
341 343 0.24
343 341 0.33
341 344 0.27
344 341 0.91
341 412 0.06
412 341 0.31
342 339 0.38
339 342 0.18
342 340 0.63
340 342 0.49
342 341 0.67
341 342 0.39
342 343 0.79
343 342 0.75
342 344 0.6
344 342 0.93
342 345 0.88
345 342 0.05
343 340 0.95
340 343 0.75
343 341 0.66
341 343 0.29
343 342 0.12
342 343 0.42
343 344 0.04
344 343 0.76
343 345 0.8
345 343 0.25
343 346 0.69
346 343 0.87
344 341 0.86
341 344 0.82
344 342 0.2
342 344 0.84
344 343 0.92
343 344 0.21
344 345 0.14
345 344 0.21
344 346 0.35
346 344 0.53
344 347 0.76
347 344 0.67
345 342 0.03
342 345 0.89
345 343 0.16
343 345 0.11
345 344 0.24
344 345 1.0
345 346 0.94
346 345 0.17
345 347 0.17
347 345 0.39
345 348 0.53
348 345 0.87
346 343 0.2
343 346 0.48
346 344 0.52
344 346 0.1
346 345 0.1
345 346 0.02
346 347 0.85
347 346 0.49
346 348 0.7
348 346 0.18
346 349 0.32
349 346 0.4
347 89 0.49
89 347 0.69
347 344 0.15
344 347 0.2
347 345 1.0
345 347 0.67
347 346 0.3
346 347 0.06
347 348 0.54
348 347 0.35
347 350 0.91
350 347 0.63
348 345 0.46
345 348 0.03
348 346 0.16
346 348 0.08
348 347 0.47
347 348 0.44
348 349 0.13
349 348 0.64
348 350 0.33
350 348 0.4
348 351 0.91
351 348 0.52
349 346 0.0
346 349 0.44
349 348 0.66
348 349 0.81
349 351 0.47
351 349 0.42
349 352 0.71
352 349 0.85
349 409 0.06
409 349 0.07
350 32 0.31
32 350 0.72
350 241 0.64
241 350 0.1
350 347 0.23
347 350 0.5
350 348 0.85
348 350 0.62
350 352 0.73
352 350 0.08
350 353 0.92
353 350 0.26
350 367 0.59
367 350 0.27
351 203 0.01
203 351 0.26
351 348 0.83
348 351 0.03
351 349 0.23
349 351 0.73
351 353 0.85
353 351 0.45
351 354 0.14
354 351 0.55
352 157 0.75
157 352 0.1
352 177 0.92
177 352 0.86
352 284 0.32
284 352 0.17
352 349 0.74
349 352 0.27
352 350 0.53
350 352 0.43
352 354 0.95
354 352 0.47
353 243 0.24
243 353 0.78
353 350 0.49
350 353 0.11
353 351 0.44
351 353 0.45
353 354 0.73
354 353 0.68
353 355 0.09
355 353 0.33
353 449 0.23
449 353 0.43
354 157 0.29
157 354 0.87
354 229 0.48
229 354 0.19
354 351 0.97
351 354 0.99
354 352 0.2
352 354 0.56
354 353 0.1
353 354 0.43
354 355 0.97
355 354 0.31
355 239 0.85
239 355 0.17
355 353 0.13
353 355 0.42
355 354 0.53
354 355 0.78
355 356 0.1
356 355 0.83
355 357 0.64
357 355 0.3
355 358 0.07
358 355 0.66
356 252 0.86
252 356 0.85
356 355 0.75
355 356 0.03
356 357 0.0
357 356 0.86
356 358 0.98
358 356 0.09
356 359 0.43
359 356 0.09
357 85 0.79
85 357 0.64
357 355 0.05
355 357 0.03
357 356 0.86
356 357 0.87
357 359 0.85
359 357 0.51
357 360 0.66
360 357 0.74
358 189 0.27
189 358 0.87
358 355 0.29
355 358 0.38
358 356 0.39
356 358 0.3
358 359 0.61
359 358 0.6
358 360 0.71
360 358 0.03
358 361 0.33
361 358 0.98
359 356 0.36
356 359 0.74
359 357 0.63
357 359 0.11
359 358 0.91
358 359 0.11
359 361 0.35
361 359 0.97
359 371 0.2
371 359 0.15
359 384 0.54
384 359 0.78
359 425 0.91
425 359 0.12
360 177 0.08
177 360 0.26
360 357 0.24
357 360 0.4
360 358 0.45
358 360 0.51
360 361 1.0
361 360 0.25
360 362 0.73
362 360 0.36
360 363 0.39
363 360 0.43
361 358 0.24
358 361 0.26
361 359 0.37
359 361 0.2
361 360 0.52
360 361 0.38
361 362 0.44
362 361 0.75
361 363 0.51
363 361 0.14
361 364 0.93
364 361 0.34
362 265 0.2
265 362 0.94
362 323 0.74
323 362 0.01
362 360 0.43
360 362 0.48
362 361 0.88
361 362 0.75
362 365 0.26
365 362 0.67
363 5 0.24
5 363 0.25
363 360 0.88
360 363 0.77
363 361 0.61
361 363 0.96
363 365 0.81
365 363 0.88
363 366 0.64
366 363 0.06
363 435 0.29
435 363 0.76
364 361 0.66
361 364 0.92
364 365 0.64
365 364 0.42
364 366 0.06
366 364 0.19
364 367 0.04
367 364 0.17
365 31 0.03
31 365 0.27
365 97 0.94
97 365 0.8
365 339 0.41
339 365 0.12
365 362 0.22
362 365 0.96
365 363 0.88
363 365 0.74
365 364 0.35
364 365 0.14
365 367 0.59
367 365 0.72
365 483 0.19
483 365 0.15
365 499 0.45
499 365 0.34
366 114 0.14
114 366 0.21
366 363 0.24
363 366 0.81
366 364 0.69
364 366 0.66
366 368 0.62
368 366 0.88
366 369 0.52
369 366 0.57
366 457 0.88
457 366 0.15
367 350 0.22
350 367 0.65
367 364 0.65
364 367 0.2
367 365 0.6
365 367 0.96
367 368 0.39
368 367 0.17
367 369 0.54
369 367 0.3
367 370 0.47
370 367 0.02
367 417 0.32
417 367 0.02
368 28 0.14
28 368 0.08
368 240 0.37
240 368 0.29
368 366 0.59
366 368 0.35
368 367 0.47
367 368 0.61
368 369 0.59
369 368 0.13
368 371 0.81
371 368 0.47
369 366 0.04
366 369 0.66
369 367 0.96
367 369 0.38
369 368 0.29
368 369 0.61
369 370 0.22
370 369 0.27
369 371 0.14
371 369 0.43
369 372 0.8
372 369 0.43
370 270 0.63
270 370 0.37
370 367 0.67
367 370 0.07
370 369 0.42
369 370 0.3
370 372 0.36
372 370 0.23
370 373 0.22
373 370 0.8
371 359 0.92
359 371 0.34
371 368 0.79
368 371 0.23
371 369 0.51
369 371 0.57
371 372 0.73
372 371 0.25
371 373 0.25
373 371 0.86
371 374 0.11
374 371 0.14
372 290 0.08
290 372 0.6
372 304 0.65
304 372 0.98
372 369 0.04
369 372 0.39
372 370 0.51
370 372 0.01
372 371 0.81
371 372 0.68
372 373 0.96
373 372 0.97
372 374 0.51
374 372 0.6
373 370 0.66
370 373 0.47
373 371 0.31
371 373 0.76
373 372 1.0
372 373 0.99
373 374 0.52
374 373 0.49
373 375 0.17
375 373 0.16
373 376 0.12
376 373 0.93
374 371 0.51
371 374 0.19
374 372 0.68
372 374 0.45
374 373 0.74
373 374 0.09
374 375 0.51
375 374 0.16
374 376 0.67
376 374 0.11
374 377 0.85
377 374 0.34
375 53 0.58
53 375 0.03
375 373 0.56
373 375 0.4
375 374 0.39
374 375 0.58
375 376 0.12
376 375 0.47
375 378 0.06
378 375 0.2
375 416 0.38
416 375 0.5
375 463 0.3
463 375 0.63
376 373 0.16
373 376 0.11
376 374 0.12
374 376 0.59
376 375 0.95
375 376 0.93
376 377 0.92
377 376 0.97
376 378 0.1
378 376 0.48
376 379 0.02
379 376 0.08
377 20 0.56
20 377 0.41
377 374 0.89
374 377 0.69
377 376 0.64
376 377 0.3
377 378 0.94
378 377 0.95
377 380 0.86
380 377 0.14
378 375 0.26
375 378 0.71
378 376 0.47
376 378 0.65
378 377 0.74
377 378 0.34
378 379 0.22
379 378 0.59
378 380 0.16
380 378 0.49
378 381 0.54
381 378 0.75
379 295 0.24
295 379 0.02
379 376 0.47
376 379 0.36
379 378 0.9
378 379 0.24
379 380 0.95
380 379 0.28
379 381 0.93
381 379 0.86
379 387 0.32
387 379 0.78
380 24 0.74
24 380 0.51
380 87 0.32
87 380 0.04
380 377 0.58
377 380 0.85
380 378 0.22
378 380 0.69
380 379 0.43
379 380 0.42
380 381 0.37
381 380 0.3
381 378 0.91
378 381 0.03
381 379 0.01
379 381 0.68
381 380 0.85
380 381 0.28
381 382 0.74
382 381 0.37
381 383 0.11
383 381 0.2
381 484 0.09
484 381 0.31
382 381 0.02
381 382 0.64
382 383 0.39
383 382 0.82
382 384 0.23
384 382 0.42
382 385 0.92
385 382 0.14
383 51 0.91
51 383 0.42
383 322 0.47
322 383 0.18
383 381 0.52
381 383 0.64
383 382 0.79
382 383 0.64
383 384 0.49
384 383 0.4
383 386 0.65
386 383 0.39
384 107 0.54
107 384 0.18
384 359 0.57
359 384 0.84
384 382 0.28
382 384 0.12
384 383 0.61
383 384 0.64
384 385 0.74
385 384 0.05
384 386 0.8
386 384 0.25
384 387 0.99
387 384 0.09
385 238 0.84
238 385 0.07
385 382 0.66
382 385 0.78
385 384 0.68
384 385 0.65
385 387 0.78
387 385 0.37
385 388 0.68
388 385 0.92
385 428 0.62
428 385 0.4
386 108 0.65
108 386 0.48
386 383 0.69
383 386 0.84
386 384 0.47
384 386 0.37
386 387 0.24
387 386 0.48
386 388 0.57
388 386 0.44
386 389 0.01
389 386 0.71
386 447 0.11
447 386 0.31
387 379 0.12
379 387 0.18
387 384 0.27
384 387 0.0
387 385 0.06
385 387 0.7
387 386 0.5
386 387 0.22
387 388 0.07
388 387 0.27
387 389 0.09
389 387 0.44
388 385 0.98
385 388 0.69
388 386 0.48
386 388 0.77
388 387 0.29
387 388 0.45
388 389 0.47
389 388 0.48
388 390 0.61
390 388 0.04
388 391 0.08
391 388 0.04
389 237 0.49
237 389 0.45
389 386 0.2
386 389 0.19
389 387 0.02
387 389 0.14
389 388 0.74
388 389 0.48
389 390 0.06
390 389 0.26
389 391 0.79
391 389 0.15
389 392 0.98
392 389 0.21
390 388 0.65
388 390 0.94
390 389 0.68
389 390 0.49
390 391 0.43
391 390 0.47
390 392 0.85
392 390 0.16
390 393 0.26
393 390 0.83
390 416 0.38
416 390 0.46
391 388 0.65
388 391 0.23
391 389 0.45
389 391 0.55
391 390 0.69
390 391 0.33
391 392 0.16
392 391 0.12
391 393 0.79
393 391 0.21
391 488 0.67
488 391 0.15
392 389 0.48
389 392 0.48
392 390 0.78
390 392 0.29
392 391 0.27
391 392 0.69
392 393 0.08
393 392 0.95
392 394 0.62
394 392 0.7
392 395 0.65
395 392 0.65
393 93 0.41
93 393 0.12
393 327 0.63
327 393 0.68
393 390 0.75
390 393 0.42
393 391 0.31
391 393 0.74
393 392 0.05
392 393 0.9
393 394 0.48
394 393 0.44
393 395 0.13
395 393 0.21
394 392 0.98
392 394 0.54
394 393 0.63
393 394 0.34
394 395 0.29
395 394 0.5
394 396 0.56
396 394 0.74
394 397 0.52
397 394 0.49
395 149 0.61
149 395 0.93
395 242 0.63
242 395 0.11
395 392 0.55
392 395 0.05
395 393 0.4
393 395 0.85
395 394 0.1
394 395 0.28
395 397 0.29
397 395 0.21
396 394 0.77
394 396 0.79
396 397 0.69
397 396 0.54
396 399 0.1
399 396 0.4
396 459 0.32
459 396 0.1
397 394 0.71
394 397 0.81
397 395 0.25
395 397 0.42
397 396 0.51
396 397 0.72
397 400 0.31
400 397 0.93
397 414 0.71
414 397 0.58
397 459 0.73
459 397 0.04
398 399 0.07
399 398 0.56
398 400 0.14
400 398 0.23
398 401 0.03
401 398 0.03
398 417 0.13
417 398 0.44
399 28 0.48
28 399 0.33
399 396 0.85
396 399 0.66
399 398 0.92
398 399 0.63
399 400 0.7
400 399 0.36
399 401 0.33
401 399 0.04
399 402 0.72
402 399 0.97
400 170 0.63
170 400 0.03
400 397 0.97
397 400 0.17
400 398 0.68
398 400 0.68
400 399 0.59
399 400 0.54
400 401 0.79
401 400 0.26
400 402 0.57
402 400 0.8
401 94 0.48
94 401 0.97
401 127 0.29
127 401 0.93
401 297 0.33
297 401 0.52
401 398 0.75
398 401 0.98
401 399 0.54
399 401 0.43
401 400 0.69
400 401 0.94
401 403 0.86
403 401 0.67
401 404 0.6
404 401 0.67
402 399 0.83
399 402 0.37
402 400 0.75
400 402 0.1
402 403 0.85
403 402 0.15
402 404 0.78
404 402 0.48
402 405 0.01
405 402 0.41
403 138 0.25
138 403 0.65
403 401 0.99
401 403 0.16
403 402 0.55
402 403 0.27
403 404 0.82
404 403 0.23
403 405 0.03
405 403 0.16
403 406 0.25
406 403 0.01
403 474 0.5
474 403 0.45
404 163 0.79
163 404 0.68
404 401 0.31
401 404 0.71
404 402 0.53
402 404 0.91
404 403 0.62
403 404 0.26
404 405 0.03
405 404 0.22
404 406 0.19
406 404 0.15
405 402 0.3
402 405 0.78
405 403 0.72
403 405 0.96
405 404 0.73
404 405 0.97
405 406 0.71
406 405 0.0
405 407 0.1
407 405 0.92
405 408 0.24
408 405 0.33
406 403 0.22
403 406 0.03
406 404 0.55
404 406 0.11
406 405 0.56
405 406 0.55
406 407 0.83
407 406 0.36
406 408 0.75
408 406 0.34
406 409 0.32
409 406 0.8
407 282 0.71
282 407 0.88
407 405 0.51
405 407 0.46
407 406 0.72
406 407 0.23
407 408 0.88
408 407 0.24
407 409 0.76
409 407 0.89
408 48 0.55
48 408 0.56
408 174 0.54
174 408 0.79
408 405 0.09
405 408 0.83
408 406 0.83
406 408 0.57
408 407 0.15
407 408 0.19
408 409 0.57
409 408 0.34
408 410 0.03
410 408 0.61
408 435 0.63
435 408 0.38
409 302 0.76
302 409 0.51
409 349 0.55
349 409 0.23
409 406 0.47
406 409 0.32
409 407 0.53
407 409 0.69
409 408 0.44
408 409 0.96
409 410 0.93
410 409 0.99
409 411 0.47
411 409 0.67
409 412 0.08
412 409 0.27
410 239 0.75
239 410 0.64
410 309 0.24
309 410 0.8
410 408 0.39
408 410 0.17
410 409 0.61
409 410 0.9
410 412 0.03
412 410 0.99
410 413 0.91
413 410 0.49
411 166 0.33
166 411 0.16
411 409 0.58
409 411 0.21
411 413 0.74
413 411 0.34
411 414 0.78
414 411 0.14
412 341 0.87
341 412 0.13
412 409 0.51
409 412 0.06
412 410 0.87
410 412 0.53
412 413 0.56
413 412 0.14
412 415 0.27
415 412 0.98
413 116 0.47
116 413 0.22
413 410 0.09
410 413 0.08
413 411 0.34
411 413 0.2
413 412 0.31
412 413 0.06
413 414 0.79
414 413 0.47
413 415 0.82
415 413 0.45
413 416 0.78
416 413 0.53
414 262 0.7
262 414 0.19
414 310 0.29
310 414 0.89
414 397 0.09
397 414 0.81
414 411 0.94
411 414 0.53
414 413 1.0
413 414 0.3
414 415 0.42
415 414 0.81
414 417 0.92
417 414 0.15
414 446 0.67
446 414 0.26
415 161 0.63
161 415 0.33
415 162 0.63
162 415 0.03
415 412 0.67
412 415 0.34
415 413 0.77
413 415 0.08
415 414 0.58
414 415 0.67
415 417 0.46
417 415 0.45
415 418 0.14
418 415 0.25
416 375 0.33
375 416 0.72
416 390 0.63
390 416 0.35
416 413 0.2
413 416 0.04
416 418 0.05
418 416 0.46
416 427 0.15
427 416 0.61
417 367 0.31
367 417 0.58
417 398 0.96
398 417 0.65
417 414 0.97
414 417 0.18
417 415 0.89
415 417 0.49
417 420 0.95
420 417 0.82
418 415 0.65
415 418 0.17
418 416 0.39
416 418 0.65
418 419 0.93
419 418 0.07
418 420 0.23
420 418 0.99
418 421 0.15
421 418 0.34
419 203 0.91
203 419 0.3
419 307 0.6
307 419 0.4
419 418 0.82
418 419 0.34
419 421 0.73
421 419 0.72
419 422 0.23
422 419 0.95
420 335 0.44
335 420 0.01
420 417 0.83
417 420 0.07
420 418 0.01
418 420 0.68
420 422 0.74
422 420 0.41
420 423 0.84
423 420 0.3
421 418 0.03
418 421 0.46
421 419 0.62
419 421 0.61
421 422 0.28
422 421 0.85
421 423 0.9
423 421 0.34
421 424 0.88
424 421 0.47
422 320 0.71
320 422 0.14
422 419 0.92
419 422 0.5
422 420 0.28
420 422 0.58
422 421 0.01
421 422 0.78
422 424 0.18
424 422 0.59
422 425 0.35
425 422 0.93
423 420 0.16
420 423 0.09
423 421 0.3
421 423 0.1
423 424 0.68
424 423 0.55
423 425 0.45
425 423 0.58
423 426 0.47
426 423 0.56
423 494 0.09
494 423 0.38
424 2 0.57
2 424 0.62
424 421 0.87
421 424 0.82
424 422 0.48
422 424 0.03
424 423 0.95
423 424 0.58
424 425 0.31
425 424 0.63
424 426 0.22
426 424 0.55
424 427 0.78
427 424 0.42
425 52 0.25
52 425 0.03
425 359 0.83
359 425 0.62
425 422 0.59
422 425 0.62
425 423 0.44
423 425 0.73
425 424 0.49
424 425 0.95
425 426 0.28
426 425 0.53
425 427 0.65
427 425 0.61
426 12 0.91
12 426 0.74
426 232 0.66
232 426 0.14
426 245 0.14
245 426 0.88
426 423 0.78
423 426 0.77
426 424 0.34
424 426 0.72
426 425 0.82
425 426 0.25
426 427 0.63
427 426 0.38
426 428 0.06
428 426 0.01
427 416 0.33
416 427 0.84
427 424 0.01
424 427 0.07
427 425 0.85
425 427 0.89
427 426 0.76
426 427 0.74
427 428 0.95
428 427 0.27
427 430 0.83
430 427 0.58
428 385 0.17
385 428 0.3
428 426 0.3
426 428 0.63
428 427 0.11
427 428 0.34
428 429 0.78
429 428 0.64
428 430 0.46
430 428 0.11
429 2 0.41
2 429 0.64
429 289 0.49
289 429 0.71
429 317 0.83
317 429 0.8
429 334 0.2
334 429 0.78
429 428 0.63
428 429 0.18
429 431 0.36
431 429 0.97
430 427 0.13
427 430 0.58
430 428 0.23
428 430 0.68
430 431 0.01
431 430 0.82
430 432 0.73
432 430 0.72
430 433 0.83
433 430 0.15
431 429 0.97
429 431 0.45
431 430 0.09
430 431 0.67
431 432 0.93
432 431 0.01
431 433 0.61
433 431 0.81
431 434 0.82
434 431 0.98
432 430 0.19
430 432 0.2
432 431 0.13
431 432 0.08
432 433 0.89
433 432 0.48
432 434 0.93
434 432 0.46
432 435 0.4
435 432 0.15
433 430 0.93
430 433 0.38
433 431 0.41
431 433 0.23
433 432 0.24
432 433 0.18
433 434 0.54
434 433 0.66
433 435 0.43
435 433 0.71
433 436 0.69
436 433 0.12
434 431 0.48
431 434 0.04
434 432 0.68
432 434 0.88
434 433 0.39
433 434 0.91
434 435 0.21
435 434 0.61
434 436 0.88
436 434 0.78
434 437 0.5
437 434 0.73
435 4 0.86
4 435 0.52
435 363 0.61
363 435 0.99
435 408 0.65
408 435 0.95
435 432 0.47
432 435 1.0
435 433 0.66
433 435 0.94
435 434 0.27
434 435 0.79
435 436 0.82
436 435 0.01
435 488 0.55
488 435 0.54
436 433 0.41
433 436 0.7
436 434 0.44
434 436 0.89
436 435 0.43
435 436 0.51
436 437 0.5
437 436 0.87
436 438 0.67
438 436 0.56
436 439 0.14
439 436 0.02
437 434 0.98
434 437 0.42
437 436 0.24
436 437 0.88
437 438 0.13
438 437 0.58
437 439 0.85
439 437 0.19
437 440 0.06
440 437 0.88
438 231 0.71
231 438 0.22
438 436 0.28
436 438 0.09
438 437 0.23
437 438 0.6
438 439 0.67
439 438 0.44
438 440 0.26
440 438 0.79
438 441 0.84
441 438 0.68
439 59 0.03
59 439 0.02
439 436 0.27
436 439 0.45
439 437 0.87
437 439 0.92
439 438 0.18
438 439 0.09
439 440 0.52
440 439 0.33
439 441 0.26
441 439 0.47
439 442 0.39
442 439 0.52
440 37 0.96
37 440 0.12
440 209 0.63
209 440 0.15
440 437 0.5
437 440 0.85
440 438 0.19
438 440 0.2
440 439 0.57
439 440 0.35
440 441 0.56
441 440 0.81
440 483 0.38
483 440 0.7
441 152 0.09
152 441 0.96
441 216 0.91
216 441 0.95
441 438 0.6
438 441 0.07
441 439 0.45
439 441 0.36
441 440 0.52
440 441 0.62
441 442 0.2
442 441 0.35
441 443 0.7
443 441 0.56
441 444 0.11
444 441 0.01
442 179 0.64
179 442 0.33
442 439 0.37
439 442 0.47
442 441 0.39
441 442 0.51
442 444 0.21
444 442 0.45
442 445 0.55
445 442 0.95
443 24 0.81
24 443 0.69
443 161 0.81
161 443 0.67
443 441 0.9
441 443 0.51
443 444 0.28
444 443 0.4
443 487 0.92
487 443 0.87
444 281 0.55
281 444 0.4
444 441 0.12
441 444 0.66
444 442 0.64
442 444 0.05
444 443 0.91
443 444 0.1
444 445 0.07
445 444 0.59
444 446 0.02
446 444 0.51
444 447 0.43
447 444 0.79
445 442 0.71
442 445 0.54
445 444 0.94
444 445 0.56
445 446 0.62
446 445 0.39
445 447 0.5
447 445 0.72
445 448 0.53
448 445 0.83
446 414 0.54
414 446 0.33
446 444 0.21
444 446 0.7
446 445 0.53
445 446 0.9
446 448 0.95
448 446 0.97
446 449 0.7
449 446 0.81
447 116 0.26
116 447 0.9
447 153 0.81
153 447 0.44
447 386 0.94
386 447 0.43
447 444 0.37
444 447 0.03
447 445 0.16
445 447 0.06
448 318 0.02
318 448 0.33
448 323 0.0
323 448 0.92
448 445 0.47
445 448 0.31
448 446 0.75
446 448 0.51
448 449 0.02
449 448 0.35
448 450 0.28
450 448 0.12
449 29 0.57
29 449 0.57
449 299 0.25
299 449 0.86
449 353 0.43
353 449 0.35
449 446 0.28
446 449 0.87
449 448 0.96
448 449 0.54
449 450 0.91
450 449 0.13
449 451 0.68
451 449 0.46
450 448 0.0
448 450 0.73
450 449 0.22
449 450 0.07
450 451 0.12
451 450 0.45
450 452 0.65
452 450 0.87
450 453 0.85
453 450 0.32
451 90 0.07
90 451 0.88
451 449 0.21
449 451 0.73
451 450 0.5
450 451 0.62
451 452 0.49
452 451 0.66
451 453 0.54
453 451 0.98
451 454 0.67
454 451 0.63
452 450 0.56
450 452 0.03
452 451 0.34
451 452 0.51
452 453 0.03
453 452 0.33
452 454 0.98
454 452 0.07
452 455 0.89
455 452 0.3
453 450 0.86
450 453 0.59
453 451 0.98
451 453 0.66
453 452 0.49
452 453 0.78
453 454 0.44
454 453 0.11
453 455 0.98
455 453 0.51
453 456 0.19
456 453 0.5
454 451 0.26
451 454 0.32
454 452 0.56
452 454 0.83
454 453 0.03
453 454 0.58
454 455 0.38
455 454 0.61
454 456 0.91
456 454 0.01
454 457 0.67
457 454 0.98
455 452 0.54
452 455 0.06
455 453 0.24
453 455 0.65
455 454 0.31
454 455 0.35
455 456 0.14
456 455 0.79
455 457 0.86
457 455 0.64
455 458 0.84
458 455 0.11
456 17 0.08
17 456 0.37
456 22 0.44
22 456 0.67
456 453 0.62
453 456 0.27
456 454 0.29
454 456 0.68
456 455 0.85
455 456 0.94
456 458 0.11
458 456 0.85
456 459 0.31
459 456 0.26
457 366 0.56
366 457 0.28
457 454 0.51
454 457 0.09
457 455 0.88
455 457 0.43
457 458 0.56
458 457 0.48
457 459 0.94
459 457 0.2
457 460 0.15
460 457 0.65
457 484 0.74
484 457 0.31
458 455 0.56
455 458 0.38
458 456 0.96
456 458 0.66
458 457 0.05
457 458 0.53
458 459 0.78
459 458 0.59
458 460 0.02
460 458 0.27
458 461 0.74
461 458 0.7
459 396 0.07
396 459 0.86
459 397 0.65
397 459 0.51
459 456 0.86
456 459 0.67
459 457 0.31
457 459 0.6
459 458 0.61
458 459 0.06
459 460 0.64
460 459 0.29
459 461 0.86
461 459 1.0
459 462 0.07
462 459 0.73
460 280 0.75
280 460 0.09
460 457 0.42
457 460 0.58
460 458 0.52
458 460 0.43
460 459 0.61
459 460 0.15
460 461 0.33
461 460 0.95
460 462 0.85
462 460 0.96
461 458 0.93
458 461 0.16
461 459 0.63
459 461 0.53
461 460 0.71
460 461 0.81
461 462 0.94
462 461 0.41
461 463 0.76
463 461 0.31
461 464 0.53
464 461 0.95
462 459 0.58
459 462 0.07
462 460 0.2
460 462 0.22
462 461 0.82
461 462 0.92
462 463 0.34
463 462 0.34
462 464 0.6
464 462 0.15
462 465 0.48
465 462 0.49
463 12 0.74
12 463 0.64
463 375 0.92
375 463 0.3
463 461 0.63
461 463 0.04
463 462 0.55
462 463 0.67
463 464 0.77
464 463 0.92
463 465 0.24
465 463 0.64
464 258 0.2
258 464 0.49
464 461 0.25
461 464 0.36
464 462 0.2
462 464 0.45
464 463 0.81
463 464 0.04
464 465 0.61
465 464 0.07
464 466 0.35
466 464 0.05
465 462 0.07
462 465 0.2
465 463 0.94
463 465 0.11
465 464 0.21
464 465 0.74
465 466 0.16
466 465 0.77
465 467 0.85
467 465 0.69
465 468 0.9
468 465 0.74
466 164 0.25
164 466 0.61
466 180 0.69
180 466 0.91
466 198 0.43
198 466 0.44
466 464 0.14
464 466 0.45
466 465 0.03
465 466 0.68
466 467 0.72
467 466 0.48
466 468 0.22
468 466 0.55
466 469 0.01
469 466 0.93
467 1 0.06
1 467 0.14
467 51 0.37
51 467 0.94
467 143 0.99
143 467 0.96
467 465 0.63
465 467 0.62
467 466 0.71
466 467 0.94
467 469 0.57
469 467 0.73
467 470 0.25
470 467 0.78
468 63 0.35
63 468 0.2
468 142 0.61
142 468 1.0
468 465 0.75
465 468 0.14
468 466 0.47
466 468 0.98
468 469 0.41
469 468 0.75
468 470 0.28
470 468 0.48
468 471 0.33
471 468 0.68
469 109 0.13
109 469 0.65
469 262 0.68
262 469 0.28
469 466 0.2
466 469 0.74
469 467 0.26
467 469 0.64
469 468 0.52
468 469 0.52
469 470 0.48
470 469 0.89
469 471 0.06
471 469 0.94
470 325 0.08
325 470 0.38
470 467 0.87
467 470 0.4
470 468 0.16
468 470 0.66
470 469 0.88
469 470 0.66
470 471 0.24
471 470 0.0
470 472 0.24
472 470 0.19
470 473 0.08
473 470 0.95
471 194 0.08
194 471 0.29
471 468 0.44
468 471 0.13
471 469 0.09
469 471 0.96
471 470 0.11
470 471 0.23
471 472 0.95
472 471 0.46
471 474 0.32
474 471 0.51
472 230 0.86
230 472 0.78
472 470 0.38
470 472 0.8
472 471 0.71
471 472 0.46
472 473 0.64
473 472 0.56
472 475 0.42
475 472 0.44
473 106 0.38
106 473 0.78
473 470 0.9
470 473 0.43
473 472 0.11
472 473 0.78
473 474 0.61
474 473 0.27
473 476 0.48
476 473 0.23
474 175 0.42
175 474 0.9
474 403 0.27
403 474 0.5
474 471 0.15
471 474 0.9
474 473 0.29
473 474 0.62
474 475 0.39
475 474 0.75
475 121 0.51
121 475 0.04
475 160 0.16
160 475 0.25
475 328 0.13
328 475 0.4
475 472 0.56
472 475 0.51
475 474 0.55
474 475 0.56
475 476 0.9
476 475 0.56
475 477 0.1
477 475 0.81
476 222 0.12
222 476 0.0
476 473 0.19
473 476 0.37
476 475 0.75
475 476 0.48
476 477 0.33
477 476 0.35
476 478 0.11
478 476 0.12
476 479 0.68
479 476 0.44
477 475 0.75
475 477 0.27
477 476 0.71
476 477 0.18
477 478 0.68
478 477 0.33
477 479 0.98
479 477 0.96
477 480 0.23
480 477 0.03
478 204 0.27
204 478 0.67
478 476 0.28
476 478 0.94
478 477 0.65
477 478 0.96
478 479 0.9
479 478 0.95
478 480 0.44
480 478 0.13
479 476 0.26
476 479 0.7
479 477 0.47
477 479 0.45
479 478 0.54
478 479 0.31
479 480 0.32
480 479 0.66
479 481 0.26
481 479 0.56
479 482 0.71
482 479 0.84
480 220 0.68
220 480 0.24
480 477 0.75
477 480 0.21
480 478 0.14
478 480 0.92
480 479 0.45
479 480 0.16
480 481 0.43
481 480 0.81
480 482 0.54
482 480 0.77
480 483 0.95
483 480 1.0
481 31 0.53
31 481 0.58
481 479 0.72
479 481 0.98
481 480 0.55
480 481 0.4
481 482 0.24
482 481 0.34
481 483 0.8
483 481 0.17
482 479 0.22
479 482 0.24
482 480 0.39
480 482 0.24
482 481 0.13
481 482 0.68
482 483 0.77
483 482 0.48
482 484 0.1
484 482 0.3
482 485 0.52
485 482 0.05
483 365 0.67
365 483 0.54
483 440 0.55
440 483 0.62
483 480 0.65
480 483 0.69
483 481 0.08
481 483 0.98
483 482 0.37
482 483 0.63
483 484 0.81
484 483 0.24
483 486 0.51
486 483 0.67
484 381 0.69
381 484 0.87
484 457 0.07
457 484 0.6
484 482 0.8
482 484 0.94
484 483 0.59
483 484 0.24
484 485 0.28
485 484 0.88
484 486 0.12
486 484 0.93
485 269 0.57
269 485 0.31
485 482 0.99
482 485 0.79
485 484 0.68
484 485 0.3
485 486 0.59
486 485 0.01
485 487 0.33
487 485 0.65
486 10 0.05
10 486 0.62
486 36 0.67
36 486 0.82
486 120 0.73
120 486 0.2
486 263 0.82
263 486 0.48
486 483 0.02
483 486 0.62
486 484 0.12
484 486 0.18
486 485 0.17
485 486 0.54
486 487 0.88
487 486 0.89
487 443 0.32
443 487 0.57
487 485 0.66
485 487 0.54
487 486 0.9
486 487 0.13
487 488 0.56
488 487 0.35
487 490 0.48
490 487 0.36
488 135 0.37
135 488 0.7
488 391 0.42
391 488 0.87
488 435 0.27
435 488 0.13
488 487 0.93
487 488 0.18
488 490 0.02
490 488 0.84
488 491 0.21
491 488 0.3
489 84 0.73
84 489 0.55
489 227 0.44
227 489 0.33
489 490 0.16
490 489 0.45
489 491 0.34
491 489 0.14
489 492 0.46
492 489 0.51
490 487 0.98
487 490 0.52
490 488 0.24
488 490 0.19
490 489 0.03
489 490 0.67
490 491 0.28
491 490 0.14
490 492 0.02
492 490 0.64
490 493 0.19
493 490 0.04
491 324 0.24
324 491 0.93
491 488 0.75
488 491 0.06
491 489 0.08
489 491 0.67
491 490 0.16
490 491 0.64
491 492 0.28
492 491 0.93
491 493 0.7
493 491 0.41
491 494 0.12
494 491 0.98
492 120 0.81
120 492 0.87
492 489 0.17
489 492 0.24
492 490 0.61
490 492 0.57
492 491 0.81
491 492 0.65
492 493 0.43
493 492 0.24
492 494 0.3
494 492 0.79
493 490 0.76
490 493 0.84
493 491 0.29
491 493 0.48
493 492 0.14
492 493 0.33
493 494 0.87
494 493 0.86
493 495 0.72
495 493 0.25
493 496 0.82
496 493 0.8
494 423 0.56
423 494 0.16
494 491 0.87
491 494 0.13
494 492 0.7
492 494 0.43
494 493 0.61
493 494 0.62
494 495 0.28
495 494 0.16
494 497 0.19
497 494 0.29
495 493 0.1
493 495 0.97
495 494 0.91
494 495 0.62
495 496 0.27
496 495 0.87
495 497 0.07
497 495 0.48
495 498 0.93
498 495 0.93
496 71 0.09
71 496 0.06
496 493 0.24
493 496 0.21
496 495 0.64
495 496 0.23
496 497 0.48
497 496 0.33
496 498 0.01
498 496 0.16
497 0 0.94
0 497 0.79
497 332 0.86
332 497 0.31
497 494 0.52
494 497 1.0
497 495 0.81
495 497 0.33
497 496 0.92
496 497 0.22
497 498 0.58
498 497 0.15
497 499 0.68
499 497 0.29
498 0 0.56
0 498 0.86
498 1 0.43
1 498 0.95
498 495 0.08
495 498 0.72
498 496 0.85
496 498 0.27
498 497 0.08
497 498 0.3
498 499 0.8
499 498 0.05
499 0 0.68
0 499 0.15
499 2 0.76
2 499 0.09
499 19 0.25
19 499 0.75
499 365 0.18
365 499 0.73
499 497 0.59
497 499 0.21
499 498 0.75
498 499 0.6
